0.559792801283,0.448659672557,0.382960174693,0.0975314110303,0.153158536016,0.150699928699,0.560397413451,0.641828006065
0.534476254401,0.392679671013,0.350848783441,0.133994648252,0.1939644064,0.193571311716,0.498814445559,0.581176280892
0.511391336778,0.362017760263,0.34050083868,0.163305942972,0.224042782437,0.217826264203,0.462427831921,0.541474188748
0.491963811498,0.343989966771,0.338709881629,0.188811265538,0.247442224049,0.231712479688,0.436085731163,0.510539607152
0.475197539953,0.333630823602,0.342791377035,0.212749112654,0.267521417467,0.239703037914,0.414326786863,0.483609892203
0.460253786282,0.328098979634,0.351045319969,0.236225877857,0.28606272876,0.24414760288,0.394796526912,0.458607532034
0.446657922184,0.3257162637,0.362344503685,0.259747649998,0.303976408131,0.246333354635,0.376414714043,0.434611159568
0.434167417596,0.325511793454,0.375978772174,0.283549393191,0.321693963626,0.246942810692,0.35860199852,0.411172245664
0.422675690717,0.326959082811,0.39153139697,0.307747947595,0.339381781463,0.246298466131,0.340973178596,0.388031064791
0.412169320369,0.329821830625,0.408783424985,0.332399702798,0.357047810732,0.244501290242,0.323217254108,0.365003973622
0.402724372342,0.334071438789,0.427644934473,0.357508418368,0.374581258508,0.24150634872,0.305050619172,0.341943897069
0.394535219376,0.339858573862,0.448108255478,0.38300188025,0.391743659973,0.237157300532,0.286197267463,0.318732864656
0.387982718722,0.347536691209,0.470219362302,0.408678637907,0.408111264956,0.231189253696,0.266375582314,0.295289961931
0.383768141182,0.357756317934,0.494070369212,0.434110249832,0.422945421324,0.223198258325,0.2452776499,0.271587704286
0.383178345123,0.371689920839,0.51983402947,0.458456951309,0.43492029986,0.212559354282,0.22251888023,0.247671014617
0.388652956796,0.391555924745,0.547914364995,0.480074728353,0.441500514829,0.1982402375,0.197502406317,0.22366667814
0.405212061828,0.421998196776,0.579483875007,0.495474612436,0.437247037547,0.178359247274,0.169034797221,0.199764608487
0.445472220504,0.474929238311,0.61872598784,0.495500630649,0.407700475444,0.148900286294,0.1340721051,0.176283330749
0.5637292049,0.600654119937,0.688605938925,0.4410589254,0.291712597339,0.0964390108167,0.0811188375848,0.157129725671
0.421125927288,0.477309512821,0.63806807323,0.536129557314,0.434533800692,0.123755057523,0.100175092747,0.140290822942
0.530246824968,0.370504640292,0.325959441751,0.124495016577,0.198567624367,0.20939439011,0.506796820058,0.590246528025
0.518997038844,0.355980499701,0.321796417757,0.139084053852,0.212680545998,0.220529590748,0.487818567263,0.570009358379
0.502182605381,0.336800158137,0.317771103469,0.161501624975,0.233525415415,0.235521951445,0.461690950378,0.540848101222
0.485475529418,0.324278154793,0.319501680626,0.184508443491,0.252572002191,0.244938925393,0.438434046222,0.51333726354
0.469929635251,0.317603664037,0.326467192525,0.207708994484,0.270202754442,0.249957931893,0.417408109956,0.487322360752
0.455460744522,0.314771574761,0.337216990922,0.231270204249,0.287368338647,0.252267166391,0.397738512124,0.462197232795
0.441928567036,0.314370289917,0.350655196301,0.255274136387,0.304601496436,0.25291930709,0.378920478829,0.437651636191
0.429245834749,0.315579945289,0.366115793082,0.279758559257,0.322110326229,0.252445493843,0.360602500435,0.41350401943
0.417365229889,0.317980042566,0.383246740273,0.304759066687,0.339923803696,0.251051352154,0.342476796966,0.389601570019
0.406273354053,0.321402588936,0.401898428667,0.33031288581,0.357972093251,0.248750478372,0.324244685444,0.365790354724
0.396002369172,0.32584735514,0.422043677048,0.356438861832,0.376111254365,0.245439269948,0.305610004381,0.341916563419
0.386660477213,0.331447197744,0.443723147377,0.383099345118,0.394106252447,0.240931985019,0.286280815552,0.317840906833
0.378490174375,0.338477625425,0.467006184357,0.410138077571,0.411572487267,0.234968810391,0.265973271544,0.29346234135
0.371977507922,0.347420365215,0.491960330261,0.437176054326,0.427857791112,0.22720171174,0.244416242573,0.268754718365
0.368060507263,0.359115416435,0.518629566809,0.463428726583,0.441818666492,0.217155682237,0.221355749697,0.243825113772
0.368520017765,0.375068317094,0.547032396267,0.487375176777,0.451398421101,0.204162517792,0.196560048374,0.219009319174
0.37656331064,0.397900739817,0.57716834823,0.506194634566,0.452930491499,0.187336979742,0.169879467419,0.19504483723
0.395841318325,0.430167794139,0.608342599815,0.515672295326,0.441647910952,0.16647642666,0.142059539919,0.173524985854
0.40959031761,0.453897218719,0.630726050299,0.521078726652,0.431578196904,0.150440874774,0.121549520719,0.157989022004
0.377281955455,0.428814556352,0.626742500311,0.543956211548,0.462611437271,0.156515000894,0.122758264629,0.150876022333
0.507686508142,0.310692575613,0.280643302176,0.135680354804,0.230754556265,0.255453589814,0.485493559132,0.568385497808
0.501199756712,0.307214939177,0.283178468355,0.144907409517,0.237500399465,0.257617475192,0.4759691567,0.557406347145
0.489947811167,0.301746669035,0.287401522173,0.161139662744,0.248373795108,0.261088741601,0.458947661238,0.537757454017
0.476722997132,0.298571085256,0.295573773775,0.181227207802,0.261007254621,0.262875648158,0.439380674666,0.514401083056
0.462974738206,0.298064918851,0.307342375095,0.203427636844,0.274836451424,0.262935222835,0.419416580417,0.489719036058
0.449358330985,0.299367745543,0.321691939152,0.226889495159,0.289835017092,0.261989533669,0.399821003596,0.46473402401
0.436161883193,0.30174718404,0.337850174455,0.25118994998,0.305913593276,0.260508131395,0.380776888135,0.439876600491
0.423499870956,0.304797595973,0.355397404004,0.276146032422,0.322905219393,0.258649512339,0.362189241881,0.415272207375
0.411397745184,0.308352061711,0.374168727199,0.301713412525,0.340623167946,0.256378024157,0.343828140752,0.390879473925
0.399837282145,0.312385105691,0.394153300583,0.327919382559,0.358885854522,0.253555586269,0.325404290106,0.36657010313
0.388786225435,0.316950686681,0.415423697326,0.354811976096,0.377511206395,0.249992456408,0.306609901346,0.342178579053
0.378222723378,0.322149642378,0.438086638817,0.382412140607,0.396289589533,0.2454717079,0.287143078245,0.317537911867
0.368162795858,0.328116868637,0.462240593626,0.410655549618,0.414936183691,0.239761082026,0.266728893015,0.292514606096
0.358699921226,0.335021641272,0.487924486832,0.439308013142,0.433017191843,0.232624097968,0.245150852789,0.267057161208
0.350064110677,0.343071117582,0.515034401964,0.467836076886,0.449846273311,0.223848822301,0.222315706745,0.241278971111
0.342675206036,0.352466758204,0.543157998107,0.495230826351,0.464390162019,0.213343271088,0.198405107775,0.215610341435
0.336958227473,0.363051647773,0.571186956993,0.519914344627,0.475455194248,0.201453990573,0.174255464532,0.191065543175
0.331916865193,0.372687652922,0.596375109825,0.540408448617,0.483241664357,0.189917515705,0.152257081879,0.169578813861
0.322230126031,0.374440607674,0.613297917205,0.557489593473,0.492755780609,0.18315884199,0.137304443687,0.153848190038
0.305875609756,0.364383109725,0.617659185577,0.571438175304,0.507482051917,0.184910178503,0.13377813052,0.146235993876
0.494023711864,0.256417509111,0.233610197321,0.133341694131,0.25547070911,0.297493420893,0.48405507701,0.566691696498
0.488812770567,0.258559668758,0.240364771523,0.141735041798,0.258779410032,0.294950996846,0.475955013592,0.557189644149
0.479674982886,0.263886064943,0.252871896297,0.156885163509,0.262945103081,0.289209513242,0.46050293556,0.539384614202
0.468105890086,0.270463129828,0.268887770083,0.176590738914,0.269822031812,0.282783441999,0.441342457518,0.516704903103
0.455416948445,0.27703276844,0.286662861434,0.198919436919,0.279853439569,0.277056559743,0.421163323331,0.4919261063
0.442434884121,0.28310742291,0.305303446287,0.222701508762,0.292595250474,0.272349798275,0.401247232687,0.466589013436
0.429593073728,0.288620671299,0.324486394698,0.247356936329,0.307417421121,0.268495930477,0.381981146587,0.441369286057
0.417073780091,0.293681466342,0.344187790241,0.272657986553,0.323778831002,0.265170692875,0.363307592729,0.416466121368
0.404910421552,0.298451762442,0.364526147732,0.298569149477,0.341274826503,0.26202641789,0.344975194788,0.391839027908
0.393047166474,0.303090174473,0.385682207739,0.325153091338,0.359615016897,0.25873723431,0.326660934327,0.367333892792
0.38136773617,0.307723440123,0.407856798163,0.35251395137,0.378588155242,0.255011590281,0.308027826546,0.34274885983
0.369702141822,0.312424630701,0.431242850398,0.380757103417,0.398028432352,0.250596057283,0.288754639197,0.317872204348
0.357813838989,0.317184091801,0.455996475177,0.409952428377,0.417785987047,0.245282476394,0.268558684312,0.292511593644
0.345361971047,0.321857823427,0.482194049652,0.440094483683,0.437706660581,0.238929327876,0.247227572317,0.26652865055
0.331822552129,0.326068659224,0.509757882812,0.471062164746,0.457640896891,0.23151440789,0.224679094595,0.239892948076
0.316343356723,0.329021662121,0.538320817723,0.502599943827,0.477536474466,0.223247575702,0.201080365827,0.212774503271
0.297566779214,0.329230859335,0.566979310154,0.534355548541,0.497694955686,0.214770023877,0.17707638314,0.185706732366
0.273988957917,0.324573669105,0.593859138668,0.565772528716,0.518943607698,0.207350536899,0.154201455935,0.159925809787
0.247327891467,0.314577548064,0.615314714278,0.594328458215,0.540745302122,0.202674305719,0.135702085658,0.138371696211
0.229382440604,0.305466717749,0.625037394059,0.61116155927,0.555740322301,0.202251750391,0.127725194579,0.127316690115
0.48947351203,0.202264743237,0.182614752827,0.119537818184,0.280417683485,0.342994691335,0.497706934019,0.580810545689
0.483464290609,0.210391197948,0.194511013711,0.129453219683,0.279099662936,0.334263646178,0.487141821805,0.569061521457
0.472891402641,0.226990582819,0.21713750258,0.14784783469,0.275741334831,0.317377221506,0.467044338203,0.546809862307
0.460543414624,0.243372006406,0.242131364204,0.170159053888,0.277175116234,0.301995638352,0.444509679563,0.520737568435
0.447707425845,0.256835754796,0.266320749911,0.194078747002,0.283978254737,0.290445926547,0.42251354106,0.493990675775
0.434898820299,0.267455311803,0.289271057386,0.218729010817,0.294877032114,0.28216739588,0.401808816989,0.467652212977
0.42232974987,0.275902641459,0.311325617421,0.243823141667,0.308657131027,0.276162350648,0.382352295284,0.441997128385
0.410050778387,0.282817146529,0.33295666909,0.269327409814,0.324452877541,0.271569111929,0.363826437077,0.416976176947
0.398007957444,0.288687431428,0.354604636443,0.295327911897,0.341689607933,0.267720539767,0.345831390316,0.392404365626
0.386069227839,0.293852770626,0.376653632802,0.321972350473,0.359998468578,0.26410751623,0.327960094515,0.368040698874
0.374027884726,0.29851601299,0.399436276685,0.349441692808,0.379155024264,0.260340913975,0.309827737549,0.343623187105
0.361583001813,0.302740002453,0.423238545743,0.377935569594,0.39904312791,0.256128465099,0.29108360581,0.318884562503
0.348290790013,0.306416594699,0.448297794746,0.407668118483,0.419643459972,0.251268318091,0.271417583586,0.293559350743
0.333471565218,0.309196074183,0.474794767853,0.438882248385,0.441056665053,0.245660080578,0.250565389926,0.267384587648
0.31604559916,0.310360151453,0.502848529127,0.471907914304,0.463590377529,0.239332482189,0.228307088762,0.240087755541
0.294274043143,0.308633955808,0.5325426272,0.507316744151,0.487963861922,0.232469605483,0.20443135809,0.211342599327
0.265487900467,0.302036402712,0.564043387659,0.546220075518,0.51566062523,0.225347978131,0.17859333048,0.180672863269
0.226491441441,0.288310957966,0.597771406565,0.59041089763,0.549092448946,0.217937471923,0.150039495762,0.147473582122
0.178105916434,0.26790021423,0.632997361526,0.639544569988,0.588999343229,0.209268095617,0.118643005217,0.112868923331
0.145946717697,0.253723867614,0.654856180197,0.671677074815,0.616558856743,0.202759621167,0.0983137151056,0.0915695738856
0.495670094715,0.142337585309,0.124823794486,0.0936595962807,0.320277816634,0.403990869627,0.528846345385,0.611749723131
0.484482417153,0.163425609763,0.147976317251,0.110068230824,0.302883763639,0.377309928314,0.507164579802,0.590110932799
0.468111908578,0.195208525892,0.184886468427,0.136733141993,0.285733504066,0.34204010206,0.474928397414,0.556255867093
0.453087371478,0.220776591795,0.21893906973,0.163717259412,0.281798089428,0.317416750805,0.446528623783,0.52408434344
0.439367003872,0.239744334979,0.248612514442,0.189887629933,0.286386224689,0.301145463681,0.42218153859,0.494594614247
0.426527167847,0.253799417644,0.274963044094,0.21548268216,0.296183287692,0.29028646144,0.400823119261,0.467223075296
0.414281866804,0.264438727523,0.299175314516,0.240848093868,0.309331075715,0.282831102059,0.38152598762,0.441381796527
0.40241776076,0.272736971498,0.322184432706,0.266280696709,0.324738602446,0.277445526087,0.36354911282,0.416590747865
0.390735781548,0.279421326509,0.344692800737,0.292039471525,0.341739103018,0.273219202879,0.346288623833,0.392452075356
0.37901387747,0.284959924246,0.36724008991,0.31837069012,0.359927415507,0.269510910659,0.329239759222,0.368618215475
0.366972519169,0.289614984775,0.390258559187,0.345526835819,0.379080178199,0.265861525845,0.311971712602,0.344768626162
0.354229609653,0.29345781941,0.414107999193,0.373782752915,0.399120646912,0.261947615391,0.294109994902,0.320592171037
0.340231959915,0.296347406496,0.439098519581,0.403459251604,0.420118020518,0.257560133203,0.275320701621,0.295769203073
0.32414553353,0.297870594349,0.465515853671,0.434973210231,0.442329443997,0.252596995374,0.255286526857,0.269942984334
0.304679346693,0.29724153497,0.493677326298,0.468951003292,0.466312132858,0.24705236028,0.233649779736,0.242659651791
0.279817674667,0.293175103149,0.524079467784,0.50647356083,0.493157212509,0.240955156095,0.209860220357,0.213235735841
0.246475535842,0.283820572483,0.557763967716,0.549561226937,0.524921060986,0.234114423205,0.18277834129,0.180486843869
0.200301090319,0.267067669415,0.597105112119,0.601994374182,0.565338269926,0.225256340392,0.14970390344,0.14228714696
0.136905879855,0.24225239419,0.646832373593,0.670022525124,0.620782531923,0.209404946784,0.104310425912,0.0954919731683
0.0608482052898,0.214895836942,0.702593172747,0.753824136428,0.696326020896,0.174698215428,0.0389145391597,0.0415189393933
0.521518618942,0.0624333506585,0.052266553111,0.0475763400614,0.435523191141,0.52547871368,0.59933296797,0.673394674293
0.482130307736,0.13282674088,0.116029951146,0.0944804794383,0.316267057037,0.404428172754,0.519153977242,0.603676074307
0.460055100453,0.176183115062,0.164520252408,0.130143380078,0.287753956891,0.354042211808,0.475085673512,0.558411332851
0.443290520885,0.20616111586,0.203382862941,0.160505065003,0.282345265933,0.325397150044,0.443336994774,0.522391597881
0.429264062303,0.227510172542,0.2355923339,0.187870332478,0.286665967187,0.307511894792,0.418336473706,0.491721923758
0.416802715813,0.243107919045,0.263475165851,0.213670332774,0.296324327848,0.29587027892,0.397448735814,0.464356351245
0.405224518897,0.254803327786,0.288652086424,0.238759410687,0.309322642123,0.288041959066,0.379111143863,0.439068840656
0.394091878285,0.263803059193,0.312236014194,0.263670050128,0.324561701258,0.282537635797,0.362292841982,0.415079086908
0.383085224047,0.270899477312,0.335016982754,0.288773881424,0.341378886643,0.278371493254,0.346259092374,0.391850914361
0.371921655274,0.276600140306,0.357587033046,0.314374160965,0.359373156185,0.274859570658,0.330452407839,0.368978130484
0.360292149936,0.281192977727,0.380415537576,0.340758298971,0.378329775511,0.271518290704,0.314427640759,0.346118627641
0.347802125649,0.284768042193,0.403893135639,0.368231524643,0.398189928642,0.268011855715,0.297813318586,0.322954015582
0.333903355751,0.287207490211,0.428361016868,0.397148836963,0.419050502932,0.264124533118,0.280283120115,0.299159516745
0.317806326135,0.288151283635,0.454142790592,0.427963534292,0.441195802684,0.259741780117,0.261522465151,0.274370548524
0.298366933255,0.286950483164,0.481601612102,0.461314970312,0.465171561188,0.254819938589,0.241168396583,0.248130815837
0.273965765149,0.282643354542,0.51125220274,0.498175289246,0.491908995368,0.24930461154,0.218687968055,0.219809608978
0.242500077194,0.27406261324,0.543933361549,0.540013227653,0.522855992042,0.242916443213,0.193162373986,0.188521153219
0.202054167108,0.260410634406,0.580786438677,0.588538846606,0.559770537498,0.234705908279,0.163131383058,0.153361198857
0.155028762804,0.243412497246,0.620918613407,0.642165644722,0.601906803514,0.223050330378,0.12839495289,0.115900457801
0.125907274661,0.233341480982,0.646182825032,0.675987015091,0.629148051921,0.213793993533,0.105570936336,0.0930064425982
0.456087751692,0.107805326866,0.0724508276312,0.0634824821045,0.262383795213,0.388753380885,0.514051767761,0.609033653203
0.458602645195,0.141090951156,0.119965228933,0.10172576255,0.285182625803,0.377784195012,0.492579806388,0.581553594453
0.44361437694,0.174369370211,0.16148716642,0.134179869752,0.278849630331,0.347406728553,0.459795699953,0.545229045417
0.428983843033,0.200664588679,0.197199631229,0.162874073689,0.278837618966,0.324593567267,0.432154127527,0.512563743814
0.416379702329,0.220538407735,0.227942818821,0.189004869225,0.284997020853,0.309114509594,0.409830512131,0.484043957517
0.405254003981,0.235599915511,0.25514334492,0.213705304927,0.295390857992,0.298722206317,0.391204591405,0.458466181342
0.39495386648,0.247150962361,0.279959219776,0.237731827599,0.30867010008,0.291685720002,0.374919757048,0.434796993544
0.384993502635,0.256132771493,0.303255035037,0.26157447707,0.323950566993,0.286785728094,0.359996135281,0.412314588646
0.375026639293,0.263210331735,0.32568992678,0.285578689678,0.340649859881,0.283152667501,0.345728417003,0.390519308123
0.364774727647,0.268837574106,0.347790046042,0.310027525121,0.358397534043,0.280154694567,0.33159164999,0.369041371564
0.353958871246,0.273291229382,0.369992910107,0.335190367603,0.376988398797,0.277331952988,0.317178037435,0.347576952934
0.342241079185,0.276680858464,0.392671493332,0.361350848464,0.396359567016,0.274359645216,0.302157826859,0.32584866518
0.329172139342,0.278943441181,0.416147549259,0.3888251413,0.416583072687,0.271026539467,0.286254111494,0.303581737908
0.314146564138,0.279832570899,0.44070218307,0.417978202924,0.437869759508,0.267217694758,0.26922224315,0.280489131373
0.296380496397,0.278921267206,0.466586644042,0.449235177508,0.460574593547,0.262888791417,0.250828006632,0.256266366867
0.274974040765,0.275662273267,0.494013642623,0.483047608584,0.485164420654,0.258017659599,0.230835791876,0.230622916475
0.249250410545,0.269609083212,0.523020141102,0.519645292648,0.512008266007,0.252535020742,0.209092861207,0.203465056132
0.219911558241,0.261021874969,0.552797503676,0.558016366816,0.540545889294,0.24635737897,0.186070292147,0.175604933786
0.192028417699,0.252136103768,0.579514160033,0.592890181955,0.566845241129,0.240097973518,0.164856922069,0.150782835031
0.177999559067,0.248038786669,0.593631986419,0.61133612085,0.58073857222,0.236845010975,0.154056874016,0.137779359751
0.434808479905,0.152909016011,0.126752983684,0.110966960343,0.258537888704,0.352432696061,0.463821600578,0.557537216986
0.429965050135,0.16333060111,0.142560880306,0.124493483998,0.263806620908,0.346160532914,0.453025902355,0.5442825211
0.420411372954,0.182589595746,0.169644796578,0.146777916534,0.268002732756,0.331990270707,0.433496108343,0.520590747571
0.410003087581,0.20147007302,0.197717596219,0.170048607183,0.27341670019,0.317970920898,0.414023060876,0.495589551358
0.400466775121,0.217569867119,0.224404434185,0.192923754944,0.282037251546,0.307093561101,0.397023095999,0.471911387538
0.391757481327,0.23069182129,0.249368662339,0.21538426935,0.293631997083,0.299349555188,0.382298096375,0.449734433799
0.383436754547,0.241211925101,0.272826960983,0.237649373146,0.307501687949,0.294016422437,0.369114332646,0.428680438746
0.375123476882,0.249600093114,0.295140244799,0.259938731362,0.323007979126,0.290337981067,0.356790800573,0.408360373396
0.366552098207,0.256285771309,0.3166991274,0.282450071539,0.33966720524,0.287669120362,0.344793964624,0.388468161647
0.357525700442,0.261615125545,0.337887805952,0.305378025982,0.357147913533,0.285490516441,0.332714788616,0.368762134221
0.347856454556,0.265831393199,0.359067194399,0.328930216678,0.375253153433,0.283399270932,0.320233924852,0.349033679001
0.337317485718,0.269061227298,0.380561182594,0.353331925713,0.393903506668,0.281099613136,0.307098472588,0.329087067586
0.325612058405,0.271305041627,0.402640911247,0.378818355585,0.413120883051,0.27839666172,0.293111991984,0.308734265121
0.312367980519,0.272437675477,0.425503250747,0.405611040882,0.433006139126,0.275190285083,0.278136504722,0.287806577025
0.297180857096,0.272236070463,0.449233029342,0.433862091699,0.453692414588,0.271464906082,0.262111460451,0.266193194854
0.279765022264,0.270467158186,0.47371570297,0.463515884121,0.475229859855,0.26727606743,0.245115124827,0.24393974531
0.260333236144,0.26709120554,0.498415092422,0.493968317072,0.497304916423,0.262755906187,0.227542246648,0.221486294846
0.240366173631,0.262633913169,0.521875500811,0.523341867544,0.518650707412,0.258210165671,0.210535720252,0.200162323328
0.223592774092,0.258610704155,0.541033825616,0.547526331119,0.536260616989,0.254386271846,0.196649619143,0.182822510251
0.215508412728,0.25732144176,0.551666098899,0.560774771028,0.54580757063,0.252567682153,0.189621006721,0.173420110095
0.401510717992,0.176387444134,0.15238212007,0.13855754874,0.248225507771,0.325775098874,0.418842830381,0.51455950838
0.398023605582,0.180941877193,0.161284599329,0.146659858118,0.252725001316,0.323153677144,0.413227780635,0.506592042645
0.392877862482,0.19161103742,0.178728346607,0.16130745593,0.25906340885,0.316694175873,0.403076967723,0.492088513546
0.387374946583,0.204286696858,0.200094080976,0.179088080788,0.267466615521,0.309419336001,0.391913769973,0.474862823527
0.382007795902,0.216541122469,0.222614020398,0.198222902428,0.278274543753,0.303220199166,0.381329997835,0.456946196206
0.376607015879,0.227356439794,0.244982067468,0.218000807376,0.291274530897,0.298635013298,0.3715144544,0.439007740474
0.370874629825,0.236457297077,0.266683888958,0.238151993914,0.305978053408,0.295519713676,0.36218550839,0.421185232481
0.364607473587,0.243915055019,0.287627129244,0.258592500122,0.321890291487,0.293494196449,0.35300258825,0.403467112858
0.357707537641,0.249941847879,0.307942852355,0.2793366092,0.338609052803,0.292133885069,0.343672057859,0.385806307241
0.350129081248,0.254780814301,0.327872555102,0.300465677922,0.355843585268,0.291043339087,0.333953812768,0.368139780728
0.341825883859,0.258644461271,0.347698700539,0.322110388186,0.373408211905,0.289886328407,0.323651288112,0.350387400345
0.332716158139,0.261678766999,0.367695378215,0.344429498586,0.39120817599,0.288401680207,0.312608500149,0.332454915455
0.322670273127,0.263944410062,0.388084593501,0.367576480765,0.409218557422,0.286414659038,0.300719114982,0.314249470114
0.311529169754,0.265416471351,0.408987975845,0.391646124799,0.427449017194,0.283845509512,0.28794936849,0.295712931291
0.29917151058,0.266013021159,0.430362966415,0.416587589826,0.445879494438,0.280714120955,0.274380037937,0.27688177431
0.285661027233,0.265670110973,0.451905433957,0.442058306326,0.464342490939,0.277142549097,0.260281294928,0.257990202967
0.271507581129,0.26447851235,0.472895470865,0.467187451109,0.482325315825,0.273365707469,0.246242254399,0.239636067107
0.258010797826,0.26286371652,0.492004778027,0.490278993248,0.49871509484,0.269763956422,0.233348231512,0.222985863446
0.247413295533,0.261688093351,0.507271039336,0.508738922414,0.511705294259,0.266887236441,0.223243318493,0.209821586603
0.242257522371,0.262030534707,0.516715630366,0.519864783151,0.519351398848,0.265318218902,0.217659921155,0.201990127635
0.36328930508,0.187491549607,0.162224507191,0.156299675357,0.23594300022,0.306024909682,0.376632794427,0.477314405465
0.361980544751,0.190107071975,0.169171625631,0.162525591418,0.241262106513,0.305474045402,0.374400753818,0.472231408075
0.361926774047,0.197015879121,0.182770106305,0.173295271624,0.249641741088,0.303471691275,0.371520672637,0.464001476817
0.362183216441,0.206159380756,0.200627514257,0.187323548322,0.260655852937,0.301002746973,0.368163350295,0.453356924807
0.361860425318,0.215734049228,0.220497707329,0.203416976782,0.273776938403,0.298862200216,0.364312292339,0.440977426292
0.360421564496,0.224628672963,0.240875074808,0.220751377297,0.288481953094,0.29742819408,0.359883562181,0.427378840293
0.357686080645,0.232335727015,0.260956092262,0.238817981748,0.304293922293,0.296737660163,0.354822167272,0.412954297672
0.353698470893,0.238739892851,0.280431329485,0.257332956113,0.320810308573,0.296625007352,0.349097452599,0.397996971842
0.348603302847,0.243939380955,0.299295251188,0.276171339174,0.337711825961,0.296827548969,0.342676767606,0.382709794683
0.34256193554,0.248124815277,0.317711518884,0.29532302032,0.354760360645,0.297052392348,0.335512169566,0.367214296531
0.335705013741,0.251503096111,0.335922324519,0.314858165105,0.371792752467,0.29701951959,0.327543079473,0.351563109654
0.328111137374,0.25425048107,0.354181148273,0.334889475065,0.388710600557,0.296493552059,0.318711862497,0.335759988164
0.319808156529,0.256485176851,0.372691803971,0.355521335871,0.405461947925,0.29531114775,0.308991121636,0.319791498945
0.310800910571,0.258258217473,0.391543658355,0.376779584498,0.422007832468,0.293405208868,0.298423018525,0.303673970651
0.301135324781,0.25956937189,0.410639979663,0.398519129813,0.438264960741,0.290822288304,0.287170572879,0.287518193142
0.291008579074,0.260417301015,0.429621858118,0.420310791383,0.45401820634,0.287728650752,0.275579151016,0.271611630143
0.280917113414,0.260883315001,0.447799831284,0.441323173459,0.46881167166,0.284403738324,0.264239458579,0.256506703909
0.271780171652,0.26121994539,0.464137628964,0.460263250337,0.481869280045,0.281219276993,0.254016910488,0.243069289565
0.264887606004,0.261874109202,0.477393031011,0.475524319281,0.492164088641,0.278586795377,0.245958818649,0.232382692253
0.261504872909,0.263363806442,0.486518514578,0.485690964949,0.498759107431,0.276844053214,0.240981342252,0.225401560999
0.319052439223,0.189300938327,0.159342564293,0.166738233077,0.218957306549,0.289631399953,0.333142986799,0.443261000063
0.321023342198,0.191636680762,0.166360430188,0.172158176362,0.225780457974,0.290580261319,0.334503754261,0.440679465926
0.327982851101,0.197873186849,0.180144704242,0.181296395419,0.237630611103,0.291924958911,0.339286151336,0.437753999843
0.335541792784,0.205963816961,0.197833809688,0.193412069726,0.252403420918,0.293348724934,0.344156136731,0.432853540858
0.341144779857,0.214291512764,0.217076025888,0.207599527418,0.268608827251,0.29479551205,0.347335157084,0.42544613266
0.344067035652,0.221924825294,0.23646848337,0.223094205586,0.285511615665,0.296376777155,0.348473244292,0.415843551865
0.344457991314,0.228450448901,0.255317688147,0.239348902251,0.302741465945,0.298163785306,0.347794124587,0.404622473097
0.342748253102,0.233785512743,0.273376520115,0.256015957579,0.320057832039,0.300109762457,0.345615214428,0.392326288844
0.339401545515,0.238038409718,0.290666850583,0.272910993466,0.337268921781,0.302061607698,0.342183675792,0.379373500297
0.334826133204,0.241413462642,0.30736731194,0.289980522272,0.354215403204,0.303799164277,0.337648731484,0.36604838513
0.329347666634,0.244147342469,0.323738263318,0.307271288883,0.370772421492,0.305076529182,0.33208033805,0.352518254825
0.323206580824,0.246465505722,0.340060574099,0.324890450105,0.386851502613,0.305661931236,0.325503434338,0.338863111144
0.316569673198,0.24854972967,0.356570473586,0.342946280993,0.402394246543,0.305379546739,0.317942009996,0.325117851766
0.309557510786,0.25051536294,0.373383610778,0.361466910589,0.417351953487,0.304152696919,0.309473381757,0.311328049204
0.302295006643,0.25240723244,0.390417429141,0.380306931709,0.431646057972,0.302037916437,0.300287634335,0.297615554625
0.294988145575,0.254226446741,0.407334022615,0.399063707603,0.445110382418,0.299233821086,0.2907377667,0.284242865265
0.288009860717,0.255987470318,0.423529547039,0.417034440301,0.457432486811,0.296055708415,0.281360034067,0.271655803127
0.281946108191,0.257779783464,0.43819623036,0.433255454412,0.468134530412,0.292879924703,0.272840617497,0.260472355794
0.277531179222,0.259789410265,0.450480754608,0.446670051118,0.476646693631,0.290068218777,0.265903968337,0.251380108091
0.275434967217,0.262245997768,0.459728974099,0.456428175886,0.482492943517,0.287885261554,0.261123142889,0.244935866461
0.265080081636,0.182117811255,0.14359507148,0.170510486433,0.193346407818,0.274155099369,0.283336496651,0.409995529784
0.273507123737,0.186034665606,0.153122692902,0.175941629578,0.203599712209,0.276677110541,0.290730728322,0.410803182976
0.292042897612,0.194671801016,0.171458890138,0.18532283495,0.222324264996,0.281504812695,0.306627836575,0.413910423855
0.309232479201,0.203911019752,0.192204422371,0.197203471156,0.243041082446,0.286700433384,0.321305600682,0.414492023936
0.321402313776,0.212188192646,0.212608001133,0.210600563489,0.263362684091,0.291525039187,0.331814360152,0.411395288103
0.32862956006,0.2191018674,0.231859507295,0.224896724707,0.282914944724,0.29598593807,0.338383665568,0.405172246146
0.331882540631,0.224616742885,0.249786277422,0.239664170029,0.30177333504,0.300227878238,0.341890896979,0.396702565816
0.332155025539,0.228854315754,0.266449407562,0.254609736817,0.320009634734,0.304306244295,0.343111695072,0.38676750551
0.330282623883,0.232029219122,0.282033397255,0.269562534725,0.337620471589,0.30815027345,0.342587341766,0.375963148675
0.32693115735,0.234412020999,0.296807706175,0.284472222414,0.354548782051,0.311586650478,0.340650459745,0.364702238191
0.322618468524,0.23630016403,0.31110339152,0.299403115078,0.370716856329,0.314376327782,0.337478992707,0.353235964156
0.317738350832,0.237991790426,0.325282008688,0.314507756629,0.386050811752,0.316256200707,0.33314987702,0.341686924579
0.312580312339,0.239752782979,0.339676825165,0.329964968427,0.400493736098,0.316993971284,0.327696629242,0.330097901202
0.307348239478,0.241773389261,0.354499640987,0.345881441398,0.414006818253,0.316460254303,0.321181044755,0.318497045344
0.302191423882,0.244132280036,0.369738749752,0.362181496254,0.426552996455,0.314696507191,0.313772416071,0.306970226863
0.297260000868,0.246799400537,0.385100040723,0.378530538957,0.43805980952,0.31193735806,0.305803409017,0.295720938041
0.292772657443,0.249688905484,0.400032301517,0.394333279646,0.448376153312,0.308564183579,0.297769473779,0.285093693782
0.289055665964,0.252733157262,0.41383689923,0.408820187988,0.457257184956,0.305010619855,0.290263590605,0.275543152044
0.286510147238,0.255929532354,0.425829334718,0.421207290635,0.464408402581,0.301663861108,0.283864268903,0.267546333134
0.285501178266,0.259331730119,0.435506851308,0.430889645535,0.469586919925,0.29879496354,0.279009468438,0.261478613682
0.195612045962,0.163075630428,0.112748125215,0.167299078933,0.153577411838,0.259246001152,0.220407997575,0.375196696305
0.220623812072,0.173894382482,0.131204303536,0.174620384125,0.174238663642,0.263729638281,0.242861601529,0.382860351036
0.258548058766,0.189365035579,0.160115619957,0.186577026262,0.206143641227,0.27272650049,0.276794431266,0.393939823786
0.286639788914,0.201282297656,0.186133077538,0.199551805847,0.234700471486,0.281692490563,0.302333491455,0.399450079972
0.304700988733,0.210006643671,0.208398165591,0.212889396916,0.259453321504,0.289623726559,0.319539813812,0.399619795621
0.31531535308,0.216338328178,0.227684866972,0.226394902996,0.2815924473,0.296728656527,0.330761044588,0.395891138404
0.320647837652,0.220814065854,0.244650945672,0.239889846597,0.301984738847,0.30331189494,0.33786367953,0.389531608257
0.322284287412,0.223829478156,0.259769392243,0.253198206065,0.321096294528,0.309532590749,0.342097386705,0.381517929851
0.321394498254,0.225739147291,0.273427754491,0.266191886174,0.339121049483,0.31538236505,0.344250667481,0.372574546132
0.31886275511,0.226897886469,0.286005533406,0.278841542325,0.356095681054,0.320712106274,0.344792501241,0.363204982634
0.315369702792,0.227677112177,0.29792632772,0.291257252493,0.37197903633,0.325262076971,0.343970073241,0.353709071579
0.31144627827,0.228471243593,0.30968057671,0.303693373343,0.386699786614,0.328691097944,0.341871219307,0.344209647527
0.307500637386,0.229673358077,0.321783724306,0.316486358596,0.400187380513,0.330634731456,0.338481104361,0.334706869143
0.303813585778,0.231595807954,0.334642377567,0.329916301629,0.41240249815,0.33082621081,0.333774419033,0.325160275433
0.300531262208,0.23436804985,0.348375769928,0.344037884785,0.42335755135,0.329246202111,0.327844645301,0.315581742551
0.297703490179,0.237898867155,0.362715164271,0.358576808927,0.433097720008,0.326190252122,0.320999594164,0.306106909859
0.29537021063,0.241950317693,0.377067504967,0.372962597202,0.441644006298,0.322183913403,0.313748189504,0.297011405688
0.293636987443,0.246268391621,0.390701519863,0.386474859485,0.44894719439,0.317807541352,0.306689131712,0.288664725975
0.29268326161,0.250678045614,0.402945965004,0.398421997625,0.454896694195,0.31354640424,0.300375179703,0.281445350048
0.292701887745,0.255102532178,0.413327056106,0.408288270486,0.459380595198,0.309721524297,0.295210822729,0.275650569454
0.115146422643,0.120493371526,0.0679390444099,0.15700703118,0.0965423871183,0.259998433017,0.141585672749,0.341683240617
0.185337576533,0.164416310234,0.115811938856,0.173148029614,0.153367528459,0.256155110343,0.210610331378,0.364923226465
0.238675831563,0.186709870659,0.154330403244,0.188173034485,0.197584709849,0.267993624383,0.259490078199,0.381241178865
0.272435492569,0.20007082411,0.183397783756,0.202088485906,0.231315467772,0.279561785822,0.291349081817,0.388928487911
0.293113296213,0.208542722961,0.206179220986,0.215294112765,0.258794875253,0.28979005149,0.312408498232,0.39060562838
0.305127226921,0.213908204066,0.224743608989,0.228016939419,0.282556657023,0.2990491298,0.326601640136,0.388245237562
0.311259586056,0.217080487046,0.240278544953,0.240271374385,0.303967702376,0.307727454188,0.336300807958,0.383239427178
0.313369509685,0.218635691395,0.253501854842,0.251951247086,0.323713007565,0.316031462528,0.342953878991,0.376625040242
0.312795888587,0.219029257999,0.264913730642,0.262927865996,0.342081617102,0.323977497355,0.347441622668,0.369196391553
0.310549894925,0.218676849204,0.274944635946,0.273157874224,0.359144788484,0.331419268966,0.350282449625,0.36152218742
0.307414948767,0.218004328126,0.284078555407,0.282795777126,0.374867601017,0.338061791309,0.351747850341,0.353919607621
0.304032624084,0.217515201341,0.292967764606,0.292261060666,0.389157573776,0.343439438926,0.351900825033,0.346456651737
0.300953129769,0.217811476285,0.302441203205,0.302182351706,0.401884311867,0.346927890394,0.350603054271,0.339019544537
0.298579532186,0.219451011928,0.313282991363,0.313169807078,0.41294549876,0.347940339917,0.34761745429,0.331431521466
0.297055567332,0.222678860695,0.325844053714,0.325488004001,0.422375476095,0.346292315878,0.342863688498,0.323591687479
0.296267385903,0.227286164847,0.339808346084,0.338861329781,0.430369784805,0.342410517688,0.336639325601,0.315578212915
0.296007559414,0.232762162915,0.354351531839,0.352584109753,0.437169284172,0.337141745741,0.329578434541,0.3076525591
0.296150075529,0.238579056068,0.36852241497,0.365815177612,0.4429271146,0.331366884401,0.322414175222,0.30017435774
0.296704853563,0.244371336942,0.381538592706,0.377825476753,0.447675543514,0.325745795134,0.315768897363,0.293497001458
0.297765659908,0.24995881606,0.392899094508,0.388114931179,0.451379201412,0.320664496864,0.310063484173,0.287891675217
0.176758507189,0.163044661508,0.111607031897,0.172068909065,0.148173373131,0.254188260705,0.20342639694,0.360442915346
0.202334954818,0.175200291773,0.13133636057,0.180436488338,0.169883678909,0.258605958878,0.226564605451,0.367127763948
0.240383466502,0.190698671405,0.160961749431,0.193287468587,0.204533981794,0.269473655769,0.262274759637,0.377287102277
0.268915097224,0.201506589223,0.186486366962,0.20620633443,0.235742007674,0.281253858427,0.290661606522,0.382998995819
0.287457905395,0.208225741978,0.207003779087,0.218499280792,0.262645933668,0.292496858621,0.311324986899,0.384251768795
0.298411087539,0.211944515804,0.223516647856,0.230138228112,0.286438813221,0.303209129229,0.326342210957,0.382145866357
0.303862051033,0.213417925098,0.236900264696,0.241063218043,0.308078704526,0.313627690533,0.337448640581,0.377736004178
0.305429141474,0.213207494186,0.247770969003,0.251095692182,0.32809851127,0.323900294971,0.345835548518,0.371961762786
0.304413086576,0.211800439994,0.256574754277,0.259987939669,0.346697936842,0.334014392283,0.352262208293,0.365666871988
0.301850227741,0.209623589278,0.263662876544,0.267568894503,0.363882542419,0.343810740314,0.35718756608,0.359512242864
0.298526174736,0.207074688016,0.269453686668,0.273978796604,0.379596404805,0.352993274603,0.36088143194,0.353816733044
0.295126244336,0.204724243286,0.274744854157,0.279874503783,0.393732520945,0.360986240752,0.36340408293,0.348503915197
0.292421721401,0.203528222928,0.280906259658,0.286416007579,0.406024416042,0.366708174593,0.36442237196,0.343226007894
0.291121230756,0.204603087293,0.289511324731,0.294868424628,0.416120712209,0.368815945283,0.363227507649,0.337563524035
0.291425580414,0.208494166061,0.301376669233,0.30586246645,0.423965243802,0.366676830656,0.359323785914,0.33125333429
0.292902733054,0.214717011799,0.315926583225,0.318935540994,0.429998686157,0.361056148004,0.353059544638,0.324363455327
0.294908993801,0.222187416281,0.331688180105,0.332910075883,0.434840910969,0.353552470626,0.345454324933,0.317243986431
0.297021026716,0.22993113532,0.347215549031,0.346596399913,0.438910813442,0.345610659608,0.337574162598,0.310330068407
0.299119493507,0.237376397876,0.361535001438,0.359148296369,0.442356305387,0.338115918685,0.330182246628,0.303996941535
0.301268461733,0.244292232474,0.374138305714,0.370082013762,0.445166634565,0.331473650697,0.323714230277,0.298507673596
0.225579277743,0.187237971706,0.147929097027,0.186301121295,0.187369293668,0.262882541964,0.247523490274,0.373213082599
0.234771007263,0.190937536606,0.15750339864,0.191832790119,0.199349935795,0.26709225844,0.257095544093,0.374154349029
0.254604154951,0.198457059008,0.175590112499,0.201268933782,0.221853350804,0.275692858759,0.277291716047,0.377754373378
0.273215545778,0.204864864076,0.194261576057,0.211943922308,0.246700992596,0.286318059093,0.297914791458,0.380069302327
0.286644920454,0.208830240058,0.210550136383,0.222640786215,0.270637276824,0.297576350184,0.315417506421,0.379854048551
0.294699696716,0.210366886095,0.223920257897,0.232904628673,0.293103866704,0.30909622756,0.329591540245,0.377229132311
0.298209486893,0.209782698548,0.234512822087,0.242451039635,0.314251108275,0.320887457406,0.341087345447,0.372755612583
0.298254724916,0.207493463259,0.242618661187,0.25091160616,0.334229233725,0.332991285756,0.350588620018,0.367218712995
0.29602616343,0.204014433377,0.248534518143,0.25775321005,0.352988559021,0.345330125598,0.358586006823,0.361607342296
0.292578359473,0.199766724841,0.252371280394,0.262431529654,0.370330907033,0.357705505694,0.365357332499,0.356851870344
0.288509478156,0.194901136945,0.254146275453,0.264884745312,0.386179405005,0.369943953691,0.371163320235,0.35329177824
0.284290226952,0.189796971709,0.254606225966,0.266074053071,0.40059965909,0.381647579055,0.376284496328,0.35050266133
0.281088944584,0.185969756852,0.256033319208,0.268113553065,0.413152360056,0.391101388231,0.38027713273,0.347683479993
0.280533118117,0.185917400102,0.261810497655,0.27368200098,0.422691919441,0.395080029773,0.381363144058,0.343995598808
0.283113383133,0.191042791289,0.27388389386,0.284192405489,0.428651924951,0.391595474786,0.377883086594,0.338920975884
0.28758951586,0.200051870955,0.290721061952,0.29840626249,0.43207675346,0.382479283192,0.370506848422,0.332677547734
0.292391517904,0.210516645735,0.309190990753,0.313887592302,0.434444350512,0.371209350794,0.361338141759,0.325931037401
0.296720153998,0.220784064087,0.32701866163,0.328838752446,0.436538581881,0.360142785831,0.352056418625,0.319281847354
0.300442918566,0.230172425151,0.343128112025,0.342359569087,0.438533265706,0.350269189953,0.343536962737,0.313126356559
0.30371018732,0.238539301812,0.357157904172,0.35409559565,0.440348207551,0.34183334948,0.336139612468,0.307698881023
0.25814668016,0.202886187602,0.175092183616,0.19852055651,0.216653488741,0.272367769225,0.277581380231,0.379700212431
0.261047535027,0.203354215455,0.180462544473,0.202851078252,0.225466644754,0.276509332162,0.282656580426,0.378513021383
0.270359761584,0.20608214881,0.191324428501,0.209921826523,0.241298851606,0.283813737714,0.294509035715,0.37863801777
0.280666184538,0.208690226599,0.203889986399,0.218428274422,0.26068541271,0.293343406993,0.308775020422,0.378332780402
0.288656926443,0.209847687933,0.215665173969,0.227386161262,0.281177668245,0.304256451132,0.322695393128,0.376578170051
0.29310937729,0.209053235231,0.22550376365,0.236216997487,0.301710431683,0.316170253644,0.335302853065,0.37308662947
0.293890131066,0.206200719034,0.23296092463,0.244504513895,0.321946411027,0.329006736103,0.346546050955,0.368011911855
0.291514122238,0.201504860167,0.237986486836,0.251715377005,0.341727736972,0.342767700213,0.356682610156,0.361954661121
0.287266591644,0.195687822594,0.240931473083,0.256880684918,0.360735248503,0.357372695115,0.3659917147,0.356311677688
0.282594380343,0.189410193249,0.241675825433,0.258579105937,0.37831815074,0.372473841609,0.374408254168,0.352889288711
0.277494728416,0.182072920678,0.23888847306,0.256020054851,0.3942179575,0.388017938821,0.381893203456,0.352145316882
0.271190929369,0.172926679241,0.23257739856,0.25053446579,0.409501203044,0.404931294884,0.389667426019,0.352685833134
0.265511746308,0.164071761805,0.226272098097,0.245705673718,0.42401883698,0.421454749702,0.398146151024,0.352951275078
0.265052677089,0.161498285583,0.227641387319,0.247399427,0.4342669231,0.429665291382,0.403302534733,0.351470054709
0.271384202656,0.1694601302,0.242134809108,0.259368860971,0.43728354202,0.422590671168,0.399343434384,0.34701765468
0.280602959501,0.183716083589,0.264559806166,0.277423622769,0.436460149075,0.406319338787,0.388765989606,0.340582926044
0.289071169192,0.198609039317,0.287720347993,0.296040819165,0.435475446692,0.389118845076,0.376674799632,0.33368211774
0.295869349187,0.2119504727,0.308671744854,0.312962361082,0.435276817309,0.374043243885,0.365382217208,0.327041484493
0.301222151161,0.223411370197,0.326809641165,0.327681664916,0.435730072817,0.361520140917,0.35552296137,0.320961684663
0.305556814647,0.233202411142,0.342245619757,0.340223912065,0.43651770042,0.35126656176,0.347169686553,0.315584598769
0.280069425575,0.213558136156,0.1955011512,0.208779745849,0.239277826648,0.280996245568,0.298851419445,0.382532584171
0.280020063751,0.212337662179,0.198666660639,0.212449581239,0.246869258784,0.285361576289,0.302233274672,0.380402412416
0.283655160868,0.212293656302,0.205275521124,0.218025325743,0.259258289496,0.292124998333,0.309974259017,0.378793407618
0.288350106349,0.212180746819,0.213401782138,0.224849792378,0.274951772588,0.300977755523,0.32017890638,0.376861680826
0.291902807459,0.211001165798,0.221328344638,0.232270634576,0.292519496508,0.311535303074,0.331218239171,0.373919908525
0.292966613392,0.208101640657,0.227870609068,0.239799686117,0.311077418786,0.323583825615,0.342209681741,0.369556525508
0.290799999592,0.203023728083,0.232199605083,0.247068519429,0.330205249811,0.337086132051,0.352843568428,0.363547285993
0.285109471537,0.195498804345,0.233688740586,0.253626427657,0.349648300174,0.352037901479,0.363060191364,0.355931946709
0.277545334493,0.186710643185,0.233321113654,0.258188811565,0.369098073548,0.368657765074,0.373318540685,0.348650391683
0.272006653833,0.179243122339,0.23295652179,0.257733850317,0.387650749788,0.387080004397,0.384031185714,0.346440863312
0.266787901443,0.170424172978,0.225847411197,0.248875079068,0.402537741513,0.404846068838,0.391807265498,0.350144724913
0.256472502501,0.156047479603,0.210656308693,0.23428377697,0.418811049099,0.427616683929,0.400794552555,0.355099231482
0.243084487199,0.137612487307,0.191135034153,0.218275709136,0.439128661279,0.457374871468,0.415534619096,0.359288298108
0.241256905111,0.128199475472,0.183014765594,0.212568139414,0.455586198863,0.478745035554,0.431917013631,0.361590013164
0.256269846425,0.144304345991,0.206744593547,0.231684647443,0.450588013785,0.459741260227,0.423632089073,0.355761492935
0.273461280085,0.168099585324,0.240307617898,0.258061229195,0.441895277598,0.42951255097,0.405988807402,0.34763517198
0.286191773418,0.188374532919,0.269477187734,0.280926709854,0.436813414395,0.404807226848,0.389987282667,0.340180302652
0.29531024702,0.204673020584,0.293486430622,0.299835497271,0.434341442701,0.385760507365,0.376660143796,0.333484520828
0.302042045768,0.217890544655,0.313301924033,0.315530445145,0.43338976342,0.37093438628,0.365648991508,0.327505491299
0.307242073321,0.228813090978,0.329783664246,0.328627961783,0.433258404646,0.359202300298,0.356548477571,0.322235173835
0.295345802069,0.22121918892,0.211244436815,0.217409550772,0.257287172989,0.288562833869,0.314537239459,0.383366459431
0.293691056617,0.218940874201,0.213028856915,0.220620747336,0.264318376035,0.293235088384,0.317244527532,0.380782413421
0.294139615837,0.217201203729,0.216999701978,0.225192950257,0.274803401917,0.299821107975,0.322907251556,0.378300197988
0.295274816498,0.215255243429,0.222061124227,0.230762511614,0.288074482378,0.308281403495,0.330668499319,0.37545472301
0.295663376255,0.212374333006,0.227050388734,0.236911275124,0.303355213716,0.318501102082,0.339639224852,0.371777884555
0.294135462521,0.2079205901,0.230940546579,0.243279665524,0.32005767407,0.330420620395,0.349203813554,0.366853127569
0.289687978666,0.201244070781,0.232737134408,0.24960322088,0.337836645219,0.344049080028,0.359011271795,0.360215683462
0.281021932585,0.191342161344,0.230888401214,0.25569793402,0.356368437691,0.359190424194,0.368592324085,0.351013595906
0.264311764431,0.174961221306,0.219389382838,0.261159475977,0.373645986362,0.373150355188,0.374792424195,0.336331748318
0.262339361969,0.170885982606,0.230415444532,0.263003247606,0.399653186592,0.401752970797,0.396143595915,0.336424167741
0.260745944976,0.163749828018,0.218585264706,0.245288923296,0.408270350895,0.415853585907,0.399143163199,0.348318677156
0.246893262688,0.145915896426,0.19688751378,0.223620353888,0.4240338854,0.441081014538,0.406758073224,0.356832519828
0.206375953499,0.112780296306,0.158593874872,0.191138498159,0.450741986677,0.481601978606,0.411754385071,0.362432900275
0.202930966853,0.0815057585116,0.122926838696,0.161133426187,0.513391974936,0.560875358347,0.475131824672,0.386108069249
0.24613847263,0.127324487371,0.182393395423,0.212335981635,0.461000551152,0.486429877342,0.441214607395,0.362417518303
0.270359490012,0.159377467181,0.225548569478,0.246026806165,0.44441181389,0.443405000762,0.417072813789,0.352438320774
0.285589916432,0.182615182193,0.257755718312,0.270939966701,0.43668986663,0.414479558606,0.399024523597,0.344906876874
0.295949932226,0.200322205322,0.282934928517,0.290456794339,0.432822361596,0.393516442718,0.384867042141,0.338454998213
0.303432209208,0.214358109474,0.303289303819,0.306306818189,0.430958912891,0.377597963561,0.373431604942,0.332755960204
0.309124412473,0.225825012391,0.320093410883,0.319439374174,0.430187709587,0.365130413174,0.364046460163,0.327715242738
