0.486647073768,0.403552445646,0.393484908776,0.500003281491,0.449138517416,0.365786707396,0.510662185999,0.453361190212
0.548970874843,0.328880939188,0.357683194833,0.507921966169,0.574134324917,0.360435350648,0.477426310013,0.578162775716
0.592881456296,0.406540603624,0.452890659882,0.511221597375,0.574127178108,0.333252003299,0.537348730934,0.581322651682
0.562812901718,0.300268987559,0.335390697756,0.611649638692,0.596724862925,0.284561122306,0.456055550628,0.556032972664
0.511084068627,0.281709131431,0.436438390172,0.603916354216,0.476554297914,0.40007283268,0.530142262303,0.528838644289
0.642530596151,0.393332520211,0.450201179367,0.549114342774,0.509238389397,0.374530117533,0.51854592253,0.490876778286
0.616219793929,0.419576808956,0.508405576979,0.510785242309,0.434319685192,0.330273273213,0.534869850212,0.47323312737
0.568090045956,0.33327965074,0.566127058089,0.440264530515,0.458942713019,0.384039991673,0.526278670156,0.51176935002
0.491165463131,0.434529130411,0.575052440264,0.496464257179,0.453370392351,0.450408967055,0.440459171779,0.430465419061
0.579354618848,0.432443151417,0.523107853479,0.530181700287,0.529249178174,0.366883481749,0.471007065718,0.554814701901
0.49400358381,0.427230092854,0.460631458756,0.575106177233,0.407763593191,0.452397194402,0.492955201809,0.400244441822
0.550402852132,0.43375878696,0.536063580669,0.528630065678,0.379957478201,0.46620045165,0.542535672901,0.537611125181
0.561916503243,0.354254112765,0.586944943148,0.538860778117,0.426887798626,0.397121364251,0.459892011615,0.378751029307
0.571692714343,0.364312506787,0.623727524268,0.454405122608,0.364230722698,0.349951695614,0.439132321229,0.346824967042
0.612343395759,0.436205162669,0.608029454694,0.495856290668,0.430907595251,0.400806186107,0.354996214316,0.485989579076
0.632357834458,0.46301867197,0.632926725298,0.474234283536,0.397123642569,0.382394129262,0.363305255756,0.472103477158
0.52666232117,0.483261831514,0.664853072053,0.518654755478,0.369087169569,0.394749931011,0.420543764098,0.506729266848
0.516439236612,0.31168505413,0.585161918652,0.521419891866,0.462164571275,0.337636937823,0.46879950092,0.432992893668
0.559833189454,0.311192658002,0.680248853658,0.652933158272,0.576275050595,0.482768221608,0.438516990231,0.368008819628
0.470627704895,0.259927436983,0.672368790206,0.679806295441,0.588247924041,0.489349229837,0.349373357281,0.268519388674
0.54340590719,0.294938911978,0.45756946489,0.483445657818,0.59721667427,0.408933985554,0.483793700424,0.562541263969
0.522030316718,0.360071526039,0.384766882571,0.587802288766,0.522839594476,0.383739781264,0.599064686984,0.56305318419
0.62417185882,0.365248464045,0.367858523165,0.564342026448,0.510424155532,0.307993153687,0.57067798575,0.618753951305
0.625233103602,0.322663459771,0.425741378308,0.518231669884,0.54095600815,0.406500729447,0.577263608859,0.523454889051
0.519351465643,0.414996862365,0.418404415841,0.46665658639,0.520487798144,0.359536341338,0.594624024557,0.503016038067
0.5174692769,0.350084392978,0.460577140861,0.449943570655,0.57895806874,0.329925348667,0.580237540707,0.559223821109
0.604126211795,0.355718189002,0.434701366575,0.598445606777,0.559525655121,0.350332228647,0.582731809249,0.427695158601
0.617705174255,0.421132477803,0.540937132286,0.592258934929,0.563191774832,0.337763548819,0.580368965193,0.422807247773
0.579895092378,0.422990494256,0.536739966558,0.51163787885,0.525531037551,0.329896193786,0.557576892023,0.545810037538
0.487625972446,0.415033812456,0.490602600258,0.435422989906,0.442696563528,0.403730791534,0.524477062441,0.417730688588
0.521800991821,0.329445272758,0.538033360548,0.46737891854,0.486186296399,0.397576448641,0.529146896868,0.534220151857
0.514539324308,0.468658063893,0.594362010655,0.456947138741,0.43113761675,0.478081328154,0.404930602568,0.501300901649
0.614969259161,0.506760100026,0.635473480297,0.453970683113,0.382338799251,0.411713595861,0.464560354409,0.391016461612
0.665896066372,0.471317744056,0.571469920804,0.555529823849,0.42659652971,0.478019422015,0.346103854308,0.420084141561
0.593863237953,0.487032915129,0.665649969881,0.484573658284,0.322475895524,0.386462204593,0.363723099081,0.402047797683
0.62823174044,0.46305795074,0.611657229481,0.582021499872,0.304132708569,0.428430361928,0.388511324559,0.340869867073
0.558332232097,0.398114236383,0.555009785776,0.568561368268,0.364910085433,0.358295722391,0.428118027466,0.41156837424
0.490405121367,0.469233355773,0.579979888708,0.614952310544,0.383904130227,0.419001844922,0.381352957398,0.418010410692
0.464822638883,0.343708232329,0.582423866363,0.509648439033,0.406556889716,0.345098085469,0.467829781767,0.487646816803
0.512853764504,0.338199959743,0.566385269059,0.660245936603,0.480362325866,0.457358258813,0.469137662326,0.491692744262
0.599822196682,0.393866426293,0.461519612,0.469076184741,0.520029994706,0.437512035755,0.645343057808,0.594132452549
0.517822732577,0.382242816982,0.409512430057,0.470699977298,0.526333286758,0.349543795328,0.59445450405,0.54812346051
0.622230739298,0.307462050938,0.387018504401,0.536716178341,0.571097466001,0.42945031953,0.543879186329,0.520234894084
0.610944682189,0.319252455258,0.469921904316,0.523102406706,0.537607729382,0.41409766977,0.592586321792,0.522875755016
0.517283407472,0.372055517949,0.404530886124,0.471780706771,0.568991199939,0.352729387082,0.540993597404,0.512707603333
0.550743824882,0.289022397082,0.512179387862,0.48774092704,0.555304292899,0.40555679258,0.479849734911,0.510006406383
0.617296273193,0.275924116271,0.387195253157,0.505198101513,0.493943871109,0.427282517031,0.582259182734,0.445184298197
0.572152329308,0.301384617586,0.486859766385,0.45082286753,0.533609014509,0.470979831433,0.442610285654,0.554550814587
0.54153728197,0.418311385553,0.545152285833,0.534897505767,0.539067424342,0.481527953121,0.488048848745,0.49163698897
0.567747132577,0.333722055638,0.473869873219,0.452934635864,0.50936713726,0.397488735022,0.474431514113,0.432603618317
0.605515088546,0.428730469066,0.487248514976,0.453654787888,0.435179159278,0.352440138523,0.511885320743,0.527795537792
0.56717185222,0.441142365982,0.538450308119,0.448550767367,0.483762505343,0.414505896393,0.417356826352,0.453234294585
0.557318134063,0.448098028198,0.623530331799,0.499419182487,0.373837081863,0.37715562477,0.422673516788,0.432381263938
0.655771426619,0.458782001864,0.668580268632,0.524071859557,0.34229869586,0.465387880197,0.381797732109,0.364344465356
0.7383523027,0.664633921471,0.745779875586,0.453668047495,0.176276126793,0.443708606249,0.182816636156,0.225517609184
0.640640600767,0.459312766608,0.654505942393,0.495019537308,0.298413550517,0.387221937561,0.380405285884,0.345445097678
0.629317828538,0.385396419943,0.630824701512,0.592881005181,0.391399519426,0.460069304362,0.368067620783,0.415763182967
0.604223462294,0.413070909304,0.590831640707,0.551369283302,0.405105396424,0.367782342996,0.40391569881,0.402081154904
0.546135369656,0.449642544758,0.580582827824,0.520478265552,0.42862468646,0.422750244974,0.37891500253,0.426975474694
0.587569568911,0.393024531122,0.656386177917,0.549532574125,0.527473628424,0.307095360094,0.447743043378,0.513645436146
0.571828581598,0.39193527756,0.454525199032,0.601709403328,0.569683558965,0.388216054682,0.541610074902,0.612222879131
0.622944145514,0.386819926994,0.426022041725,0.530466904326,0.581957443273,0.422821573188,0.509559310622,0.595095553326
0.600328458572,0.268689244359,0.455688810103,0.517714975054,0.584214920975,0.370394707658,0.558713766892,0.548624935309
0.522750325051,0.272695590475,0.392722975407,0.556719878908,0.525310188791,0.376193214297,0.593687497248,0.506663309167
0.538477784463,0.360966478212,0.497638062683,0.514612249024,0.533886364619,0.372438920774,0.536989592745,0.574385281786
0.514839558993,0.283164131712,0.499224606402,0.467365625938,0.500452788477,0.409051472837,0.53405346748,0.496371705935
0.50721654308,0.370050717819,0.509138422481,0.475697558026,0.471502597477,0.421516814813,0.58895192867,0.498371360762
0.532817855415,0.289874286942,0.494564290839,0.576271702437,0.445410484194,0.372602483119,0.582013647685,0.52585422383
0.58767071458,0.308778456599,0.494981479295,0.443137497901,0.470264124084,0.429042148074,0.498224291642,0.437305106487
0.630070265907,0.395382103909,0.485977825419,0.554203135025,0.444538644845,0.380160261917,0.494121409314,0.423072728413
0.596101601712,0.354769126068,0.551021076,0.54092490848,0.433339872769,0.476044914877,0.530874531811,0.429229828386
0.609987274603,0.404159352411,0.513758657284,0.554853418341,0.498658189245,0.354352079351,0.460063939394,0.40575845694
0.619196159646,0.405225393254,0.532139447237,0.570536478204,0.348969163276,0.471733216088,0.368978705605,0.487466945126
0.620285505203,0.48672735379,0.583443488887,0.548085635607,0.40872410982,0.389504971601,0.361810524842,0.362412869124
0.607516250499,0.496886214421,0.632230028355,0.553263373053,0.28670274726,0.448706825583,0.333135534092,0.372507724513
0.615655848266,0.352349117037,0.584980147333,0.573961310872,0.289552474895,0.407299554729,0.388501448707,0.442399117606
0.607481587079,0.38547223135,0.622591940615,0.517628032586,0.37972334653,0.426820012069,0.398242331303,0.413482170317
0.480771923285,0.350401847515,0.634864901413,0.602596219855,0.504249672441,0.395338439556,0.470323124945,0.501180729566
0.489224757548,0.440506578419,0.630315785036,0.506043294028,0.413075020752,0.351990419482,0.408104057056,0.485727575006
0.55897840858,0.370127084171,0.672414031399,0.548049816206,0.420925717797,0.288315669497,0.409866551841,0.416459390775
0.561637497812,0.393064662081,0.416029361827,0.518135550636,0.471618949754,0.39205904403,0.536798063558,0.509898435801
0.48525924365,0.264251413642,0.436208557673,0.570086776156,0.493087030736,0.401084682457,0.623191992292,0.505852080216
0.597572240625,0.27338307061,0.49496136801,0.495277136663,0.493883520802,0.418738679506,0.504446945974,0.500095391149
0.594780032797,0.359017947995,0.407660017268,0.494227784162,0.596338734508,0.499543804233,0.543696204737,0.586141892355
0.60080002104,0.303490082055,0.400749291352,0.58109357571,0.544844831194,0.491379485421,0.582684389497,0.481195156399
0.481146375731,0.333663980672,0.410970890817,0.520547661227,0.491215835995,0.375077588073,0.58003805982,0.53296177167
0.501662195921,0.378645049224,0.51956026628,0.534659179382,0.569213097998,0.388452965267,0.489784656019,0.570247467029
0.515602916845,0.339376362303,0.413660521094,0.490336441023,0.503441312477,0.48963934401,0.487321791866,0.472329262335
0.574790728808,0.378957420076,0.553127120782,0.498782656771,0.486744523816,0.430603695118,0.526608408333,0.469616977551
0.540221390593,0.409880148173,0.500908793524,0.445859482902,0.443413318804,0.368748132461,0.537211150622,0.538518452146
0.631012958774,0.390302001919,0.466027320308,0.536419900361,0.513540117221,0.388245756745,0.475801814957,0.420516037086
0.562939330105,0.361103975114,0.533421418606,0.477781475193,0.473339990369,0.369201741248,0.40515567255,0.496954398395
0.603401937016,0.419287685017,0.50491520298,0.48380687875,0.382317263378,0.428276412031,0.500250124224,0.440059079844
0.598767253965,0.388141414616,0.565223057694,0.567312957189,0.384170665626,0.370162793243,0.39853246842,0.473915332529
0.610124861993,0.423714048217,0.616170269501,0.507982113486,0.418336329386,0.365262939387,0.445313975599,0.435665741808
0.598518896831,0.409618435649,0.589452764559,0.507797273104,0.344598030335,0.354672011431,0.424957597552,0.419543854767
0.504164830198,0.448454500908,0.543945941853,0.525745409386,0.376481570793,0.438266993915,0.444672038286,0.468105380763
0.570187395448,0.439059770643,0.544728575689,0.581516213758,0.47755903266,0.40311468688,0.460888040886,0.471279522663
0.54931123159,0.37154917342,0.645755217872,0.562563205338,0.517149434179,0.286020796531,0.467231962959,0.46978903923
0.56564548754,0.376158830709,0.674638792913,0.606629028831,0.470019417613,0.287102724079,0.444032519957,0.419139121762
0.555783706369,0.311321493888,0.45705748307,0.451187723146,0.591476434963,0.437311242816,0.568675688395,0.472550443727
0.601494498781,0.293646828995,0.470054422325,0.506608789257,0.579204486003,0.478739400763,0.58340973251,0.511177200222
0.56972254424,0.275892393841,0.382426468175,0.549372378728,0.538074806901,0.474059278837,0.609304802741,0.499263663364
0.512802941812,0.322699119476,0.403615743129,0.572925828282,0.491893568186,0.441056651597,0.584974496046,0.527737663324
0.55287748403,0.252643817274,0.420285920378,0.479059621166,0.509286558375,0.419909272302,0.542030189592,0.582644634776
0.46288783253,0.257754948091,0.458400780345,0.546258626764,0.526960474918,0.387010643394,0.58448910178,0.577953679063
0.507157872117,0.322867417559,0.468815758286,0.484873887778,0.473634752413,0.437578527218,0.50672189935,0.573242339391
0.579245871173,0.326499782731,0.510843037151,0.56266422251,0.480608777663,0.432917138376,0.554291844884,0.521484731612
0.561505579867,0.360922191365,0.447488470816,0.572194067994,0.494257486332,0.444227944524,0.550679504523,0.437474278221
0.596153503008,0.423683318362,0.445067748344,0.547086313607,0.529832465052,0.452116165201,0.554756658256,0.412781247001
0.591641774083,0.348819705147,0.445916511554,0.572483952602,0.501000931759,0.447499611683,0.519904055936,0.403187892402
0.501746536769,0.418614129787,0.555014299295,0.513519647578,0.427673917925,0.433872128295,0.435615848084,0.512166744703
0.527672041157,0.401097411958,0.599796349409,0.516048476769,0.406904818081,0.438112684176,0.515039197916,0.407685182028
0.559138256035,0.439779221771,0.577393221809,0.511648650436,0.46489502545,0.439025653986,0.442568809343,0.496491393252
0.592173399559,0.423220996695,0.573596778997,0.488450431018,0.386553680406,0.375997311624,0.479445637557,0.460546510061
0.535677064666,0.441270890725,0.633778530094,0.542341149647,0.378526949896,0.381181452488,0.437242633924,0.476709436326
0.508460016588,0.370640163182,0.557988396223,0.533076184636,0.507561370117,0.407946903782,0.453803070526,0.443642146432
0.554909565294,0.381632292401,0.552877073024,0.628567753679,0.506984394103,0.382993500061,0.426276595683,0.493606854182
0.502136075278,0.460332187111,0.58737742416,0.60654667886,0.531310898783,0.302316418637,0.472052990262,0.428281022281
0.488360913352,0.444109427438,0.601178318942,0.586555360178,0.534581375065,0.286151650728,0.496928265142,0.530730871017
0.527853361983,0.316452408102,0.434655864753,0.574925283928,0.50696262542,0.444589699809,0.612453071158,0.561702190505
0.50460235533,0.248935413388,0.461373123972,0.526288294402,0.50951359293,0.549904061731,0.559477354977,0.572243244635
0.550100961259,0.223877944119,0.493171093264,0.470577891288,0.546828765739,0.498849213203,0.568973290028,0.501865668724
0.607488984741,0.22429052511,0.490546530414,0.491141198922,0.5092599902,0.496807098607,0.570513531798,0.568483973611
0.586922812631,0.27481438677,0.427228874413,0.514599134223,0.579854211929,0.513973798466,0.575554568488,0.509017935385
0.545344363934,0.322132200664,0.447959107931,0.500599657969,0.576855703636,0.426117614767,0.612370338643,0.527270412763
0.524622797479,0.302845662693,0.50384492065,0.498843071229,0.534404907842,0.476601716332,0.510049930435,0.463706832406
0.494006066472,0.375542563201,0.448317177433,0.53548804026,0.488321547919,0.410070998743,0.591301589311,0.465517579094
0.520998769093,0.346802578374,0.493976207841,0.490619981918,0.558545850273,0.397059794846,0.588102025548,0.530042410176
0.572073070741,0.345696767676,0.484440729044,0.508204234032,0.450073846922,0.458102282877,0.503881107158,0.453944604561
0.50543827937,0.374825928589,0.559535527958,0.499458985312,0.558662295546,0.45019215694,0.459576148676,0.498025096711
0.584115234958,0.379828746407,0.485672688972,0.568123953949,0.421206780587,0.434547043233,0.457699516051,0.520848594617
0.600578527957,0.405604436486,0.561155115764,0.514690555703,0.469474185026,0.378976915696,0.423027372826,0.471820774671
0.515144244119,0.322403327263,0.499372986919,0.487333140777,0.444490852496,0.37736363734,0.497407321633,0.428999142872
0.585367472611,0.371035081094,0.510629153947,0.551384893495,0.471130243601,0.400127012948,0.475524753023,0.396358632547
0.504224747229,0.350298471188,0.593215737791,0.492099477745,0.464599551978,0.39811286833,0.488152451529,0.466422687109
0.554258960576,0.353722985044,0.53882953778,0.547156031931,0.491198271059,0.397634338172,0.447926777316,0.450296536098
0.545588563746,0.355747657563,0.615110170113,0.628890658865,0.473853216804,0.390238287148,0.456617851886,0.474082028268
0.447559000052,0.443443011608,0.59232459423,0.651914242939,0.515216842111,0.255422126093,0.472492017016,0.479628278042
0.368969002519,0.503442170952,0.728372063953,0.721022612912,0.582605548305,0.155721623436,0.445933943429,0.505343024518
0.578766166035,0.254633261569,0.500748259863,0.558113403425,0.578429572052,0.576194095692,0.612965945587,0.504831164625
0.584173657467,0.263178927468,0.44294629918,0.544577393553,0.544319397711,0.553783195846,0.613360047545,0.564932038699
0.594156188344,0.252698679371,0.467576193677,0.472696287161,0.60747864723,0.534608659776,0.650099171622,0.57469368534
0.580789031589,0.269780705704,0.414360847434,0.510694994797,0.577440515421,0.525407942425,0.580366864229,0.57314115545
0.611260494071,0.212020821171,0.44886070484,0.505520727951,0.591662528816,0.546154502857,0.621889882094,0.546694820924
0.542551575387,0.310352527502,0.475410149268,0.495021946231,0.572091168286,0.527508188124,0.56187943792,0.572272364906
0.520083547572,0.266374013354,0.408134245958,0.529550519104,0.58232317475,0.514867415242,0.562393546824,0.556010639557
0.596973228637,0.268828275671,0.489221870878,0.529939634263,0.490438730909,0.515068226322,0.575776252216,0.515425052205
0.531743448947,0.340061655084,0.435152458572,0.530847481368,0.542804201946,0.482072565066,0.513056444175,0.524834086511
0.553040392232,0.388810100934,0.482359969222,0.559000299806,0.568721479612,0.406024546074,0.487473604645,0.431083130205
0.576072567309,0.348871914169,0.483987610307,0.467630590382,0.476079023678,0.4358942572,0.568111519303,0.467293705602
0.499967481053,0.314406412414,0.467966334656,0.470276917053,0.438896785218,0.37465295034,0.451412990641,0.435763556737
0.528035251305,0.373541122814,0.568771711638,0.546956831776,0.517483905577,0.453436725985,0.492797439196,0.41998503971
0.513648348821,0.327246586958,0.598643208319,0.492378265533,0.462187314733,0.406471466744,0.502317237588,0.451411820612
0.492972484651,0.376243780437,0.612608762537,0.47729755683,0.464257563866,0.403390414304,0.499565560405,0.393649455564
0.487430002757,0.382270188026,0.535439761368,0.537750817905,0.493344488969,0.390383107741,0.525508602182,0.395376203011
0.525870490906,0.46649599906,0.592123384184,0.627908295754,0.439289668887,0.372965550526,0.469493539861,0.515293267137
0.473975187046,0.38277878913,0.612196154974,0.5364924245,0.563911896056,0.362539764649,0.508014477057,0.410003246422
0.434043028479,0.430001645173,0.64791767119,0.6275132283,0.550939347289,0.264044371723,0.396868109954,0.445553805774
0.494362809807,0.448052283628,0.605103878278,0.644384951209,0.604612883257,0.240244807466,0.426919986897,0.508794649691
0.538340999154,0.185767401229,0.494862133723,0.568474804565,0.623807836799,0.583683891778,0.598458635789,0.53460206914
0.549877331376,0.197559720857,0.46505050254,0.483020942546,0.56240985821,0.527869696581,0.647185804942,0.536823913484
0.583226694616,0.208344417936,0.408657268198,0.508308270599,0.584524655692,0.554986972847,0.663473449706,0.588919431009
0.631552363245,0.170352669315,0.436564625305,0.522408341593,0.56126909332,0.58176183215,0.641434320484,0.598251224029
0.595874266042,0.209864833956,0.41877690386,0.495640472309,0.575280108689,0.579496583768,0.623663563974,0.571747342596
0.55926491955,0.22849251411,0.447152252864,0.529923777798,0.515910989609,0.54446772231,0.636067876557,0.512930271842
0.557017046444,0.256372411027,0.473824819265,0.515079721436,0.555414644519,0.525858912376,0.584778784149,0.526175545065
0.532864870057,0.306681189371,0.435730740098,0.537620742091,0.552845533655,0.482968916122,0.541622916082,0.537066527048
0.526533526099,0.339294065615,0.424275692329,0.452481970781,0.530570609213,0.466945702039,0.534050185495,0.490013136749
0.600869387517,0.381109244222,0.458771940359,0.466582439075,0.526035487114,0.421542521114,0.556766773602,0.423934628062
0.543023078134,0.386189061292,0.532327140174,0.494102304948,0.572947895063,0.509784416091,0.500261443539,0.517270027904
0.48866623887,0.312513271843,0.554990567308,0.535704209257,0.502158158269,0.477505968852,0.456285384434,0.505471446429
0.533680057556,0.373931940373,0.551018096116,0.471785412275,0.534946347158,0.430349548171,0.547419916404,0.418852924702
0.509464434978,0.432839548151,0.507942846112,0.570820497977,0.481279315804,0.405214700549,0.41891167243,0.496251851811
0.518290316342,0.346992619828,0.492024399512,0.550661773035,0.479950186522,0.444124383188,0.53141294986,0.419894552866
0.567154762047,0.37417449762,0.51569932883,0.560356327391,0.566625738082,0.334347927746,0.427334021312,0.419676851745
0.501749659983,0.417357968234,0.592449732673,0.584884022262,0.499101687024,0.328854659681,0.468095347956,0.46589445323
0.439514853715,0.437772578236,0.581593027142,0.572720582439,0.585184633029,0.360285603133,0.518843596893,0.544008360226
0.429353211992,0.40802069752,0.6473827263,0.657330007696,0.525353920116,0.357254592115,0.440265482563,0.53295850868
0.512816376471,0.436198878274,0.674013311698,0.588653406977,0.480698153442,0.318398490832,0.464883743122,0.509260096098
0.599524942473,0.250622191821,0.468555402035,0.520230367321,0.564841402153,0.522112088303,0.639605208744,0.491317351724
0.57271338834,0.232901207384,0.434241925419,0.53821048765,0.560760166688,0.592271810379,0.604582308642,0.559197006187
0.647745588634,0.200707894231,0.433818649937,0.499578660111,0.577965798844,0.57971778217,0.6664886119,0.568273181838
0.684211598525,0.0925630025484,0.430252715703,0.515179163666,0.615465216755,0.666052175462,0.713463321413,0.704660489678
0.635314382426,0.194071469482,0.446908697948,0.488194383183,0.579752489549,0.590797293088,0.632863616569,0.572373568897
0.582173041077,0.233447007847,0.461731532465,0.524992373084,0.557673973806,0.553617525087,0.63374049259,0.509933734154
0.600733087,0.266413905238,0.455129477743,0.536368641905,0.580916201192,0.542095933078,0.609207651034,0.462882172264
0.540108237325,0.281521527184,0.472421444583,0.461832202513,0.519516162721,0.446726534589,0.540669689121,0.447551606472
0.551991942639,0.27676303776,0.485766844038,0.508362253028,0.570234029885,0.516806826091,0.508556842818,0.487673339781
0.546294460875,0.309711286938,0.461984330087,0.504446687448,0.512342871492,0.434683538286,0.488635015244,0.416942789817
0.584311964729,0.297550549296,0.446775923166,0.55310890642,0.562299529396,0.411144278854,0.476672651877,0.461169874185
0.490852784398,0.302489184636,0.541425652355,0.542767965072,0.522604557472,0.441963915471,0.53047985843,0.444999964368
0.516989630287,0.375812666582,0.550962866512,0.571278796244,0.529937042325,0.395411501186,0.544683820859,0.503091023908
0.47902296587,0.362326384205,0.582639142369,0.495597165564,0.559151517713,0.476031919163,0.503961248689,0.491061139412
0.584521505358,0.436368124388,0.496055272941,0.485683530794,0.474140957484,0.487970016394,0.504784135546,0.425315994411
0.490383757458,0.338549024397,0.556571716017,0.472950114527,0.494442471372,0.475552948179,0.438274713836,0.527876268849
0.572809569925,0.325741152089,0.50412054803,0.579739825615,0.493580110728,0.3304038739,0.412293280239,0.500340318357
0.462635322489,0.342847342865,0.486950938633,0.503007401674,0.54299247249,0.347091492802,0.511534458201,0.450963686866
0.53279083764,0.45055382088,0.536099994218,0.650306066895,0.59515483064,0.292198202018,0.487192657028,0.524382374084
0.406299389524,0.393107576446,0.506800951291,0.606302428972,0.559662261058,0.397483441964,0.375184286212,0.444846692661
0.609165042021,0.27010207391,0.452930416232,0.455524717842,0.529459460444,0.578213758311,0.577449286916,0.501803664197
0.607670588103,0.202019083209,0.440879697715,0.497266063335,0.611537550534,0.526425816907,0.586030812367,0.502070425532
0.603481483267,0.197323575229,0.439514261293,0.461598535618,0.603057020907,0.608322040358,0.62283338916,0.532030540168
0.638889736683,0.179143037371,0.4063666987,0.478164305792,0.559570214392,0.57612455857,0.655684973404,0.585874659143
0.588013544493,0.186554435762,0.411498534814,0.496316500582,0.564578360814,0.578978109054,0.610939165927,0.538292522023
0.563907661603,0.24616048097,0.456370277482,0.470728381358,0.523421749621,0.543612274449,0.629298757914,0.539173858254
0.541240049773,0.237399859222,0.414304251339,0.515703713607,0.538057400552,0.505352575408,0.596592712802,0.476851067366
0.552408877836,0.287340549954,0.472292957468,0.525836238535,0.494205439381,0.477521400246,0.571876771062,0.426797165609
0.571817143179,0.312153232318,0.444538369675,0.509727674157,0.546494988125,0.520538885611,0.588551390331,0.484415863156
0.543486336111,0.303387056136,0.43597654355,0.468898800751,0.508098300461,0.43831867617,0.563046942174,0.471835768496
0.523538986101,0.366378125398,0.504995274022,0.489140888114,0.530003005453,0.485144699846,0.522709602824,0.428341074329
0.535096367663,0.311500333131,0.460303995932,0.518430708309,0.578544296607,0.477158512717,0.557466759447,0.402606468865
0.527929701475,0.374687794631,0.495534438099,0.490715073131,0.586005681007,0.447344027562,0.491197536235,0.445994917873
0.526297753293,0.335585234019,0.520410282396,0.571333747398,0.540888555516,0.461412158686,0.439619467772,0.47756942658
0.546681340176,0.336204549789,0.462985086028,0.54889237384,0.538578137751,0.38066893321,0.520392166241,0.436586757077
0.47699945133,0.292711816311,0.556921983909,0.488155567275,0.583493249984,0.473135881856,0.546961825537,0.47253454429
0.444622008848,0.332375046418,0.546218371387,0.594096983619,0.452192326691,0.360056749523,0.399849416884,0.405590924664
0.422352953725,0.311279576985,0.545241486335,0.549491397228,0.4647200915,0.466686130052,0.485606084603,0.552204363956
0.560099644729,0.36907873021,0.629401955517,0.580250610092,0.575629765519,0.475008373554,0.537761159965,0.401536819289
0.469084884401,0.409578717552,0.660873693697,0.574833997193,0.485717326753,0.425082298494,0.381212639766,0.497661139347
0.520900519572,0.336108340642,0.459323215222,0.479648204996,0.575579225351,0.487896794601,0.594438732765,0.441901807964
0.52479498439,0.280963136192,0.3979566051,0.511473249927,0.589178372591,0.519988770102,0.543273078064,0.482252821762
0.599582841749,0.234676459742,0.399807741258,0.506834757644,0.534452093454,0.595452619056,0.591126591689,0.442834443031
0.594256444081,0.249880994215,0.385001346404,0.497768605282,0.529947000363,0.553529380141,0.564448140518,0.476564040011
0.586505875019,0.2693811147,0.402223753426,0.453550084717,0.526995306086,0.555487332738,0.559495381903,0.491420660473
0.546576743061,0.285661759815,0.427906524301,0.50721391372,0.524269437254,0.539375029823,0.610807708278,0.442186474059
0.558276600894,0.262077412051,0.438425672809,0.442673566502,0.55630820903,0.479237743088,0.541210540757,0.49597678293
0.565938865188,0.265509062804,0.473500168327,0.477214507591,0.536914208397,0.477153211099,0.560667587505,0.452778424933
0.576637905739,0.311488808211,0.467451945267,0.503971242271,0.52433645219,0.481782738192,0.509126817357,0.401145690869
0.533845091614,0.30566824625,0.478446873012,0.4678746912,0.583505832899,0.46917295119,0.550255742012,0.424446188399
0.535313117081,0.366113432345,0.448347096389,0.478858297382,0.56519502592,0.481313986563,0.546058665516,0.427692229706
0.539509972263,0.371439626509,0.467855563558,0.515174764862,0.558714276453,0.44600209846,0.526331330132,0.387541282979
0.507610014728,0.303330933771,0.483493875708,0.45353379328,0.567678403106,0.464404860116,0.497996896209,0.453710486942
0.531429076108,0.316428715609,0.525946210509,0.49665363685,0.50347649481,0.460081126241,0.446198440912,0.465764808568
0.482275976145,0.354207161299,0.530440578768,0.53067952827,0.506026804327,0.487429462048,0.530572652639,0.507875782944
0.553492678943,0.313764011524,0.599949553202,0.603720239971,0.591815567227,0.377296014708,0.502012289701,0.410488961838
0.538258171015,0.38291835941,0.606094480766,0.604472433386,0.513489648024,0.43228081913,0.505088554082,0.485802387031
0.53001863764,0.307097788784,0.577281865535,0.593395694462,0.501432997463,0.389775639509,0.429544534116,0.45959963591
0.501091533472,0.36527412676,0.498396796073,0.633783367618,0.624237226422,0.425044390016,0.532737866611,0.47775453307
0.540260534571,0.351889343249,0.571407874294,0.504617302103,0.463386890809,0.302113933947,0.48529391544,0.38639512082
0.508298258949,0.248929627618,0.41455885044,0.457001320599,0.549872370554,0.547391315629,0.610568427685,0.430092997265
0.587344370148,0.27712310071,0.434603402678,0.406264667722,0.529402689276,0.567950909015,0.615258098631,0.442811538385
0.539759554075,0.2841465511,0.386989988077,0.460247481634,0.566862709279,0.520058704998,0.584978557515,0.449373819791
0.564440304986,0.206915583004,0.415175219917,0.424666224824,0.535752156583,0.565152153921,0.546480013111,0.383699407931
0.546851297836,0.24042263458,0.389501886158,0.449564303522,0.573884959425,0.522150892697,0.522168564752,0.435608686207
0.534587937367,0.247417406538,0.442728247252,0.468447527073,0.541454715744,0.521097823403,0.562505225839,0.42032383943
0.547371743463,0.32619047053,0.39360559667,0.468463451546,0.559381190108,0.546047086155,0.583412042242,0.453419897497
0.562388837096,0.340444730479,0.475999228936,0.473540170205,0.562454101891,0.478786033279,0.519376679079,0.450102077095
0.572073161649,0.312468664847,0.456380314309,0.497960697831,0.58710825841,0.50437053735,0.549447364763,0.434466960808
0.503131030051,0.368872159461,0.459570932872,0.467323421223,0.544102723929,0.497239668592,0.52374611502,0.416178170298
0.522684870823,0.364043012235,0.449839415835,0.434475053246,0.59114424853,0.523526544193,0.55092343217,0.38119721673
0.54653113348,0.351634313354,0.445365606051,0.443700072604,0.55968702824,0.47031670565,0.491473478599,0.444618013561
0.514442739166,0.348758691502,0.521190730361,0.503841797955,0.519661129737,0.440946472669,0.515032537653,0.462154554498
0.529577747212,0.37778639139,0.475227862625,0.513907981784,0.577154728639,0.41699829874,0.442676349835,0.463997479881
0.509930021301,0.333733592523,0.509790473444,0.570003820832,0.59025594709,0.418154267581,0.432972900892,0.518633827146
0.497671682432,0.390762318998,0.558547750308,0.600501700587,0.475651563091,0.475030882891,0.52957862133,0.453939249778
0.474333163694,0.28632127589,0.586730090554,0.575917667103,0.48066989405,0.349588452078,0.50205198554,0.541300308831
0.422558501881,0.401251034528,0.525094617742,0.476667444225,0.570859933483,0.391352945166,0.375110904996,0.408210260954
0.503015968251,0.382686490148,0.491371445336,0.584378734259,0.619975327968,0.37830073849,0.525258226119,0.490408776972
0.519442752599,0.376877935477,0.614624676178,0.634317932737,0.502257464249,0.311714965193,0.401025144913,0.569948829542
0.503390498439,0.367612045541,0.425687203754,0.420243566009,0.567060494607,0.493678778578,0.561905092014,0.440053054655
0.525523497369,0.298111929897,0.396780835464,0.381870622589,0.595511146768,0.543882405599,0.522434652185,0.373539792613
0.579820587722,0.255736991798,0.372717530856,0.428559594265,0.583848444566,0.560512190441,0.515795760843,0.383547625439
0.658170028895,0.149972386602,0.313176305039,0.422927851953,0.515329278098,0.558254545428,0.48212948515,0.249727875299
0.59658308561,0.231415077231,0.35906882924,0.437904821661,0.569132884191,0.567431388416,0.54146367451,0.351109796003
0.581104435526,0.289366609953,0.432836542276,0.496534890071,0.590014452357,0.555358645958,0.540859018876,0.417018796483
0.56412192011,0.270728014012,0.388769230257,0.490299764641,0.555328397407,0.488094833929,0.573032791327,0.401124562795
0.576470808107,0.359937376096,0.493539177788,0.478946970251,0.537756796158,0.471784867421,0.553573607335,0.435383526792
0.498553199184,0.373302348818,0.484216255167,0.43439698413,0.545299060517,0.502951252132,0.532929635472,0.430347633236
0.493577254182,0.332704379925,0.478561684669,0.457800934023,0.591229532105,0.475690399642,0.57454310752,0.4125223024
0.515222775512,0.377273224819,0.481351323968,0.468821098238,0.547131161533,0.489395025161,0.56034530499,0.411026519963
0.534617653748,0.328645100599,0.512606663584,0.481583600323,0.53005605234,0.49461425088,0.518509474515,0.439733367481
0.53609458609,0.309631578012,0.525805741028,0.510282257119,0.522581364683,0.45660176348,0.500395954218,0.431227806348
0.503437584486,0.306322238593,0.559888066295,0.541140436423,0.554088752575,0.482107852843,0.505081449428,0.432037442875
0.554377513061,0.27361538151,0.514796939958,0.584947427188,0.540533538259,0.431433385185,0.431836900757,0.430295760065
0.530522053867,0.357858673184,0.516680354955,0.552027883387,0.510823422873,0.47719061644,0.412042167368,0.506166731273
0.507201774905,0.287116282833,0.60790481819,0.6136317941,0.530668021343,0.472374567797,0.425644114924,0.48106707738
0.501462835862,0.354958491115,0.489186092648,0.483067912018,0.547013730664,0.456730606632,0.389284173622,0.465856510002
0.483630282614,0.387841241473,0.606322911274,0.491327366265,0.524195129106,0.39781737585,0.361288817362,0.540671448256
0.591219967107,0.286692085015,0.500593382745,0.645867262652,0.643020743294,0.340098798272,0.470346766867,0.524841789069
0.480794718268,0.407891931126,0.409775545388,0.465314135533,0.567278032622,0.526455321006,0.605938904053,0.39389717535
0.544404445266,0.347329164264,0.370389288844,0.44742701934,0.596676590597,0.567611126942,0.526149862536,0.36372347536
0.508525770711,0.331881004637,0.360121567856,0.455842158941,0.597049888551,0.517606021274,0.578675841766,0.396351003005
0.545498380503,0.276305536023,0.398949542034,0.457560534237,0.528174309697,0.520438568892,0.560807589044,0.37226551169
0.600298802642,0.277287101948,0.380469955577,0.457518596607,0.551372690602,0.555438780106,0.511508440503,0.369740695396
0.588947576284,0.314956362574,0.379808674458,0.452085284441,0.590825296906,0.472184183972,0.523007286107,0.365898668987
0.52608132237,0.368058978733,0.421036296229,0.42630888113,0.586937222689,0.453183516504,0.550184486792,0.411663393417
0.52026408948,0.348046077104,0.471819411126,0.476053248644,0.569823423437,0.529724220272,0.509276950092,0.425992062485
0.487019691336,0.389811826776,0.444173837365,0.423722977829,0.524828426187,0.489260525146,0.537975357053,0.419020992564
0.507225894669,0.317843190556,0.438019496356,0.437068162343,0.584470615465,0.449747439977,0.554026048912,0.42775329317
0.514667742201,0.382300671432,0.451516409929,0.474663044005,0.572730318486,0.471378906841,0.50948449329,0.417955276493
0.483309470452,0.370151693392,0.519771406757,0.482180520412,0.544082422687,0.480121114885,0.513804501512,0.430677339105
0.51256028964,0.290304621229,0.514426856468,0.451251942424,0.575603203413,0.464759452353,0.531699674886,0.475969388953
0.515056906833,0.31966138848,0.505851832639,0.554697440589,0.587196849977,0.436757926837,0.458440573652,0.456907888091
0.480267295431,0.321102875784,0.519281012026,0.589313893449,0.545964689701,0.397631913954,0.50529986993,0.45733947123
0.449301033406,0.248184846562,0.60427609012,0.619563754708,0.584006730356,0.392911492971,0.483554974401,0.492033496848
0.478193069032,0.316550787492,0.493075442579,0.529737458644,0.550813087685,0.374179171278,0.430685454079,0.441134960243
0.495124522215,0.323270221196,0.580649103754,0.509799020199,0.622732773166,0.369754607346,0.448948492786,0.430658184237
0.419114558432,0.329644624757,0.56566904768,0.600006332902,0.462090326651,0.46167851246,0.503919309566,0.397058770987
0.474123594876,0.288900462876,0.600198407626,0.569806371087,0.485798894129,0.378711711984,0.37694372948,0.502695596851
0.439425189631,0.434077273491,0.340262271053,0.341964966852,0.535495342007,0.570413537848,0.552293474457,0.402851967826
0.501410523483,0.405882787024,0.358673477144,0.430475600544,0.582438566498,0.525727619938,0.569636316948,0.317973581657
0.519865087491,0.291134678228,0.33940632922,0.387500145249,0.610501717212,0.532434788859,0.592594965383,0.403497836169
0.573943933078,0.278682483805,0.396825088255,0.379265420752,0.607641135342,0.528742731858,0.529693069081,0.374791206534
0.502094485641,0.341513837777,0.355610071819,0.460354059552,0.550521642312,0.50770801731,0.52919048809,0.422583925722
0.561503811884,0.337924590498,0.409915760759,0.494140081762,0.584824078672,0.489132564103,0.536786368079,0.418686936333
0.570768496618,0.369922360301,0.487842698067,0.42960653839,0.49916612135,0.526183426959,0.546127957869,0.435135895446
0.584998890687,0.361423599636,0.48760167549,0.428775961313,0.515096103702,0.448434665868,0.582329560186,0.415251072659
0.47700109172,0.322067156655,0.427070598893,0.457491445634,0.544361079713,0.429491793665,0.549366653906,0.364420743301
0.489621151507,0.394645918291,0.494125003806,0.489744653658,0.600568132098,0.492607356091,0.507861485772,0.398295099467
0.512077470651,0.308218114324,0.445932807858,0.434708827295,0.558516651715,0.432198797298,0.523922236291,0.471273112662
0.495214780348,0.347218364937,0.507247585862,0.477223748702,0.560491461266,0.43713327981,0.551863542489,0.450425108928
0.497475036504,0.349476130924,0.490089213334,0.4978402052,0.552333647907,0.422697946564,0.534428430543,0.469963977073
0.514828872206,0.353438380397,0.557321610075,0.549890489335,0.593076611462,0.386622982148,0.466536626381,0.465992819849
0.528818897123,0.354080076142,0.549640626845,0.507977940388,0.525907589894,0.427400047759,0.479619658985,0.464927768322
0.47447836847,0.293632293361,0.548660544444,0.580597535155,0.603047013443,0.435651390971,0.491200853759,0.455637037607
0.439822554524,0.299901233134,0.574300021182,0.549170753248,0.604237975401,0.456216686896,0.480745725253,0.416976914776
0.457033754953,0.348479579642,0.536951284509,0.497265815417,0.52002769103,0.406259688668,0.43346946424,0.432153312152
0.51916229865,0.38806919071,0.582659453658,0.571002816906,0.569412396243,0.384944031265,0.471541166205,0.459281952398
0.407047466856,0.378352422859,0.471134306475,0.540785569976,0.597770122036,0.385892364976,0.438443075107,0.563186831176
0.472726027799,0.446292214659,0.249068404617,0.30108282447,0.634704509963,0.56215880569,0.589743324447,0.235708452375
0.474829746615,0.405370285239,0.292601392112,0.33711093529,0.567473383448,0.515653853184,0.583119297758,0.321188782237
0.455056201005,0.39468511838,0.346302014839,0.425943259585,0.584091553755,0.479614633066,0.544128999488,0.361187653241
0.520966846115,0.34941960381,0.335310551167,0.381669016276,0.594686638613,0.529582853285,0.520664882039,0.34632045347
0.56308373506,0.384968807646,0.365218354989,0.47922556611,0.554773789959,0.481394408862,0.510563561975,0.41556924449
0.523613793187,0.316470916709,0.43882131177,0.495224296936,0.528117530413,0.511405498229,0.559131183691,0.396800693185
0.582955826153,0.344013975244,0.392118203843,0.405949278231,0.532578473782,0.456166216795,0.558366140003,0.348669986739
0.503139712566,0.430475890452,0.495568806494,0.443296727268,0.522831472503,0.47450784138,0.49475297659,0.332621369568
0.473895853573,0.368146048834,0.506078431112,0.476698490498,0.576451052806,0.444195364006,0.496631071933,0.372799082436
0.533480290016,0.424345259469,0.465079127247,0.456752685777,0.534931015329,0.441018961817,0.515585436888,0.401509072195
0.520917473394,0.34056431389,0.495123021663,0.541361911701,0.512670270785,0.418094441773,0.495831509813,0.406489677768
0.517502963618,0.407048278907,0.547972118352,0.550178661716,0.492571433201,0.468423386635,0.538015230388,0.40823837564
0.454971964847,0.357114291375,0.52512368529,0.536542268932,0.513402009551,0.46037424835,0.437993572789,0.463024623682
0.448576112731,0.360760817134,0.575555998072,0.464258849888,0.51903203925,0.412364640743,0.499765490511,0.402505170355
0.543698994654,0.31319168007,0.515749378962,0.59247789608,0.57527895337,0.466119412677,0.481611117809,0.512518838348
0.462933437005,0.279939496421,0.552131064316,0.496553944338,0.490791629432,0.371853747389,0.431083067637,0.482765406669
0.556870480302,0.360927563318,0.600631674643,0.54090554088,0.53879638635,0.399876379808,0.410187647035,0.413963611372
0.478497267983,0.364804243461,0.488530987061,0.61393336344,0.638786685723,0.361675766735,0.348011407915,0.437194317573
0.509281647984,0.282948756816,0.569528441426,0.502717229124,0.627301482051,0.421606065851,0.38719229529,0.571706499071
0.471587814348,0.266997344074,0.627825002636,0.590676131877,0.632262347676,0.440721261722,0.339907910345,0.455796041711
0.332720969153,0.440558621135,0.235947502091,0.239749702059,0.638204410876,0.597574304744,0.616011247518,0.336340667153
0.454964127066,0.461417842479,0.359385121579,0.359732337082,0.639538309644,0.564596277078,0.594053059859,0.336613754416
0.476940290318,0.408192314555,0.409865484262,0.368072166159,0.626767997601,0.526702133567,0.577174713313,0.379644716389
0.436339381329,0.415413485271,0.422632656351,0.446592945128,0.515808227758,0.476344500862,0.585959456757,0.411311811596
0.520229196827,0.385197667228,0.430797763013,0.469546321294,0.539992880435,0.463367244294,0.516510080798,0.351045866756
0.53401187283,0.340081397333,0.412058588644,0.420983080613,0.499451961645,0.412953263211,0.515722475918,0.389434895757
0.540749843219,0.37722562237,0.491969208793,0.392432260386,0.485979344144,0.397349588284,0.530261157845,0.368132144281
0.518001847724,0.440391560172,0.476622690274,0.5033734461,0.482358079879,0.364749693411,0.543336611625,0.412565967037
0.530297694179,0.445863179713,0.449215621297,0.512814224175,0.4876876881,0.400093994813,0.493682420818,0.362750117411
0.581311048655,0.41264381101,0.438154264333,0.509190597296,0.599891072642,0.429861056163,0.574640886853,0.432940305286
0.477767694264,0.382209284175,0.451343810216,0.444017225605,0.590155872834,0.433822660655,0.506478387279,0.4452848436
0.489487637798,0.418425581317,0.441388783022,0.497690156667,0.497208762449,0.434342079271,0.532628317082,0.390405217599
0.506803098595,0.356801460583,0.555949713917,0.545347920198,0.610458238167,0.370307114107,0.417499483831,0.377057732094
0.528143879062,0.346146547936,0.566841836542,0.541398901574,0.543595862377,0.410531506259,0.521344420369,0.501718892504
0.480615751769,0.350091269606,0.603697400283,0.462642273404,0.573061682276,0.503334722119,0.49022275205,0.424893586718
0.455285816487,0.29383554779,0.507857450275,0.619782145461,0.507777893898,0.456563727941,0.500773512263,0.398111926687
0.505240511862,0.381954924263,0.485126883476,0.641157508618,0.628806212476,0.47711954697,0.352291813107,0.40743048997
0.446512243722,0.232234241003,0.583894515803,0.499507484782,0.534308156707,0.426597907035,0.361308001403,0.471870371365
0.495353669584,0.289345504574,0.596608171031,0.637875476121,0.619007690598,0.462358157853,0.354860836728,0.520770783387
0.516278070856,0.27043093764,0.624482899989,0.658483400476,0.529286313783,0.393881471069,0.339424332414,0.506548086804
0.45979173272,0.393321203418,0.288274961383,0.287285329117,0.583936379468,0.484841229271,0.527134995129,0.360993005151
0.48759197989,0.420554081022,0.299391085519,0.369518409402,0.571919178099,0.450420703316,0.540087756275,0.384092234121
0.464990221751,0.420654312577,0.379877886249,0.310992947977,0.587490963451,0.507556244621,0.49989026655,0.37798579628
0.454011132906,0.330818738719,0.464125171434,0.39875584963,0.640123436542,0.527586054155,0.601160530584,0.329687455108
0.556741383822,0.389323426948,0.386547334329,0.408697976981,0.613988303761,0.412238533547,0.47798934096,0.39903729124
0.469559681963,0.328557119432,0.506754694435,0.468347302462,0.56757210776,0.449222330405,0.579001119208,0.318938642188
0.511965157343,0.428513216951,0.456203107749,0.414896881999,0.582683619069,0.433684891703,0.484257437097,0.336646556345
0.542223987628,0.48779653615,0.52263845308,0.462404756893,0.467134848939,0.311473128817,0.511194262885,0.283080772691
0.482714653721,0.40700346366,0.519727299994,0.412841874383,0.576735753416,0.354463713664,0.490731753493,0.315576091336
0.454844170017,0.429005868558,0.520063984032,0.478224839793,0.550757064402,0.409888608671,0.533827446443,0.346858517193
0.525670343897,0.30633420291,0.492756363719,0.410788315865,0.466248669706,0.386261123154,0.433346865131,0.428938261624
0.489908367478,0.291432840947,0.430483637781,0.543225309628,0.488187431876,0.495952553507,0.497295050808,0.433937050535
0.481794609094,0.383636047219,0.490925578329,0.552814687915,0.588153561626,0.493599139097,0.420891071549,0.38755085004
0.419305853054,0.30611366659,0.592884158481,0.589871998204,0.549879730666,0.377981759204,0.538270013175,0.419268011284
0.464492226868,0.323519975058,0.49877358174,0.447073849616,0.517361240935,0.507304872242,0.541992512102,0.446731573927
0.419430438484,0.310367835045,0.612906366843,0.473636928231,0.468982703696,0.49804324207,0.393813625354,0.488674967692
0.437635799645,0.372275325229,0.553449265171,0.595844556559,0.613669989812,0.452009149322,0.488077901142,0.425418882867
0.434925394136,0.343462746914,0.582071690854,0.536590996143,0.561074426155,0.449568586852,0.346549108719,0.478381210142
0.419659837822,0.257287848592,0.583351869923,0.571892225643,0.530343490519,0.451740962519,0.333480137886,0.556754551041
0.415790226944,0.115622627882,0.661438626234,0.728456127468,0.641810460902,0.376618857064,0.142241036321,0.553742826359
0.440071650268,0.464585314057,0.344541156204,0.203300928535,0.70300350152,0.303356915842,0.418815393943,0.423977119494
0.521654874617,0.41026336564,0.350620769969,0.355871116954,0.577094486875,0.441405007029,0.453638512707,0.428006154974
0.474808117418,0.381700781204,0.382227677042,0.339894192282,0.56360567056,0.530492987331,0.592377341414,0.445974372971
0.412636666241,0.396195679157,0.349771840025,0.453727990065,0.575551106847,0.424605510214,0.529437276693,0.32074648391
0.49356602598,0.358780125235,0.451665964217,0.453005653214,0.550466287873,0.538278861375,0.509370138136,0.440062217032
0.428736218774,0.476243781142,0.430191725883,0.48379278293,0.621683428663,0.51638654415,0.542096322403,0.370584388196
0.517369590902,0.387339318312,0.462713247558,0.416821709013,0.47105085718,0.48314889097,0.546060729966,0.413358755454
0.467662958451,0.457134775389,0.497391142004,0.503011226997,0.546289321853,0.338018400965,0.502861542778,0.364865276841
0.577136280658,0.386667892417,0.458530532323,0.492254605438,0.57390329379,0.352935144014,0.520347259566,0.409543887765
0.474614129686,0.425738646885,0.462961538459,0.546826340404,0.555043163137,0.370092162356,0.455772018222,0.32395520988
0.513801072951,0.386572257583,0.585617281951,0.467449325371,0.501442269448,0.514831184075,0.423220761423,0.333446439036
0.496663501396,0.403105344932,0.582265806278,0.444634225789,0.463261222973,0.361489373159,0.502802336069,0.405022926108
0.567903935424,0.440843040721,0.586747718017,0.45772488205,0.490107291127,0.365829022968,0.442558596576,0.430330144783
0.515913713604,0.330216024213,0.542409562118,0.515332425456,0.472059164261,0.503902484129,0.543480815311,0.388187162053
0.440278147275,0.428640578869,0.478740608879,0.587321177209,0.625688421815,0.38781372319,0.538621222061,0.456978632967
0.530366444313,0.277369018185,0.60195224479,0.549908830418,0.65377093633,0.389128865622,0.374288355993,0.488836746529
0.535051194824,0.398205564696,0.582959029921,0.460983625178,0.481892692741,0.51739820898,0.467559660563,0.527597544072
0.491679545227,0.275703667545,0.583434884061,0.633802099855,0.600572002369,0.393078969842,0.326303193943,0.489932963791
0.3829138699,0.337183250842,0.528375576927,0.533978253062,0.605146384954,0.45038352377,0.411083301817,0.532200564294
0.445578072859,0.282702017186,0.619286475548,0.607812773979,0.654567918335,0.413903307165,0.354874474099,0.584978056559
