0.511988741392,0.443811606582,0.413062693014,0.261060240696,0.220837903044,0.141009445806,0.352050409164,0.427157033556
0.507865827266,0.44197843038,0.414722238698,0.266488685144,0.226860156813,0.142497925353,0.349354641884,0.422274226671
0.501946875889,0.439609226158,0.417382407578,0.273915059796,0.235082986962,0.144851101124,0.345518539465,0.4152982531
0.49441848266,0.436743644647,0.42098275689,0.283253768353,0.24540431813,0.147941919998,0.340642432414,0.406420860909
0.485561002118,0.43346704205,0.425443104049,0.294348629769,0.257634623707,0.151577660618,0.334864834694,0.39592251295
0.475701874782,0.429913045531,0.430701191468,0.307023066149,0.271548901851,0.155531886704,0.328317913252,0.384106322436
0.465174194813,0.426262219298,0.436742466172,0.321125174872,0.286929841778,0.159562334406,0.321090283957,0.37124062638
0.454288438522,0.422732720359,0.443610606615,0.336554208019,0.303601633854,0.163425766816,0.313211730859,0.357530012355
0.443322782499,0.419573222928,0.451407842395,0.35327591624,0.321451507149,0.166884127052,0.304648524861,0.343103687075
0.432525771228,0.417060871269,0.460292778158,0.371331073273,0.340445133796,0.16970470566,0.295305430472,0.328015507364
0.422127744365,0.415508079031,0.470483149719,0.390845319326,0.360641880011,0.171654702976,0.285026453035,0.312245850112
0.412358385101,0.41528092983,0.482269184827,0.412047752356,0.382216978907,0.172490335653,0.273588491451,0.295698197667
0.403470080058,0.416833509433,0.496043943235,0.43530729333,0.405499577897,0.171939186789,0.260681695482,0.278183703543
0.395769930006,0.420767056506,0.51236091845,0.461200778433,0.431040452983,0.169672446389,0.245867213667,0.259384638135
0.389669465071,0.4279331087,0.532037797441,0.490637433916,0.459733691527,0.165261045275,0.228495538834,0.238780832777
0.385779048342,0.439624367124,0.556341468887,0.525085268913,0.49303805396,0.158107990185,0.207553962207,0.215508670974
0.385140797809,0.457964971529,0.587315784746,0.566982109481,0.533385113786,0.147359114854,0.181386420749,0.188092987262
0.390013017307,0.486850696964,0.628331229657,0.620458594228,0.584924669924,0.131876658391,0.147207326421,0.15394084789
0.407732250375,0.535019188464,0.684764843139,0.692414248525,0.654732526635,0.110820618014,0.100513757669,0.10845151371
0.481300787601,0.63265466656,0.765474203602,0.795224424695,0.75516013424,0.0833955412109,0.0364973707925,0.043432107922
0.525679038842,0.447929310513,0.405076860242,0.24661158819,0.204380830435,0.133454165136,0.359306478412,0.44229601314
0.52129421002,0.446012207628,0.406736317828,0.25207865355,0.210509948668,0.135180069246,0.356528808293,0.43718638857
0.514645002627,0.443475870508,0.409660441361,0.259962837905,0.219276936582,0.138011244295,0.352320777958,0.429448210397
0.506010882737,0.440331744424,0.413690667685,0.270080976177,0.230494187461,0.141772984203,0.346881122145,0.419414670024
0.495803185432,0.436647351431,0.418633732518,0.282149912279,0.243856955009,0.146216911176,0.340465039926,0.407544875127
0.484476475142,0.432561567174,0.424343880759,0.295878008647,0.259024599143,0.151056691735,0.333298926689,0.394298029862
0.472462395091,0.428278063096,0.430763413575,0.311028727087,0.275685164003,0.15599795155,0.325529342962,0.380051775201
0.460136481395,0.424047047265,0.437926024471,0.327449876548,0.293593989985,0.16075644448,0.317208520591,0.365071246155
0.447812275573,0.420148214633,0.445942489093,0.345079970857,0.312591919905,0.165065070691,0.308301810073,0.349511164982
0.435752320229,0.416882802112,0.454985541394,0.363945750303,0.332613231216,0.168672692134,0.298701852548,0.333431053394
0.424187913855,0.414577608269,0.465283073862,0.384161358662,0.353692461647,0.1713373988,0.288239598852,0.316810164387
0.413343609148,0.413602041248,0.477123945476,0.405936428065,0.375977529393,0.172815462447,0.276686714956,0.299554758784
0.403465978012,0.414400305051,0.490879852293,0.429599720856,0.399756420239,0.172845663068,0.263745427647,0.281493055676
0.394859208665,0.41754407034,0.50704893027,0.455647268804,0.425506796531,0.171127210969,0.249020495421,0.262352597234
0.387933965659,0.423816149811,0.526330258823,0.48482799528,0.453981501189,0.167288855617,0.231964741608,0.241711963319
0.383284064771,0.434341300377,0.54973673215,0.518278567767,0.486341880288,0.16085133892,0.211789230005,0.218917770312
0.381826273207,0.450769364678,0.578710849182,0.55767070497,0.524306069569,0.151217054036,0.187360257079,0.192982515958
0.385068029157,0.475341693496,0.61490725568,0.604979741498,0.569942889332,0.137888091226,0.157345153269,0.162682698706
0.395017269491,0.508936733006,0.65730159222,0.659049369354,0.622369118037,0.121955236051,0.122524037044,0.128563747012
0.404202928731,0.532622669568,0.684775888858,0.694188211624,0.656737623553,0.112517937497,0.100085159153,0.106197541144
0.541460797082,0.451920512827,0.395444585331,0.230195913663,0.186081759748,0.125070111418,0.367913005958,0.459950482604
0.536752879069,0.44998242961,0.397205538823,0.235751795261,0.192343956256,0.127061851734,0.364971199115,0.454504762851
0.529122310593,0.447370503829,0.400653189751,0.24431345384,0.201828487395,0.130467318809,0.360162725749,0.445654245316
0.519023576967,0.444019446206,0.405419362029,0.255511405105,0.21420025029,0.135049524672,0.353877075847,0.434003753107
0.507085014264,0.439949051654,0.411105168787,0.268846621888,0.228967022489,0.140475655872,0.34657117133,0.420315609035
0.493947951405,0.435298211536,0.417435713842,0.283855283361,0.245620925146,0.146378187278,0.338614343183,0.405281122586
0.480169933166,0.430305074114,0.424305555607,0.300194480411,0.26372830195,0.152398464571,0.330222194588,0.389411111201
0.466193845015,0.425265506549,0.431752401483,0.31765928123,0.282966084858,0.158207849812,0.321460754219,0.373025294109
0.452357464065,0.420498410723,0.439911208982,0.336166574666,0.303126332867,0.163512439005,0.312280146778,0.356287228999
0.438920349601,0.41632858839,0.448977257141,0.355732052415,0.324108857223,0.16804869963,0.302549982186,0.339246974057
0.426095352253,0.413086549256,0.459185724985,0.376452540688,0.345913568594,0.171575037072,0.292085329942,0.321875218034
0.414080190368,0.411121673169,0.470806205996,0.398497437706,0.368638074798,0.173861927473,0.280661557165,0.304085162224
0.403089032724,0.410825945363,0.484148701726,0.422109546781,0.392482820669,0.174681969413,0.268019775101,0.285743262422
0.393385682699,0.412666063855,0.499577167896,0.447613394099,0.417763314754,0.17380142235,0.2538659747,0.266671584997
0.385318674632,0.417217464574,0.517521365124,0.475421965385,0.444921132687,0.170978126637,0.237870894676,0.246647998943
0.379350326919,0.425171928204,0.538452421429,0.50600308441,0.474495240949,0.165983679655,0.219695949189,0.225426424197
0.376038079964,0.437204770203,0.562691349423,0.539654111871,0.506903869191,0.158712948726,0.199143389329,0.202863543359
0.375790186877,0.453283399149,0.589602048863,0.575557008243,0.541517363296,0.149582110398,0.176779966397,0.179460775858
0.377771264963,0.470258178816,0.615087952751,0.608823658433,0.573750430276,0.140645777595,0.155904979794,0.158098032969
0.377627622598,0.478139205106,0.628437649549,0.626775555991,0.591368769262,0.136851946274,0.145077462937,0.146252458723
0.559799516287,0.455373710628,0.383528292688,0.211424570933,0.165742031459,0.115788145422,0.378276343804,0.480772007647
0.554646230813,0.453546697687,0.385607907232,0.217193578206,0.172204737562,0.118072955526,0.375004504672,0.474770370817
0.545616162597,0.451072507658,0.39007917615,0.226832967701,0.182702141137,0.12218311559,0.369181287031,0.464193384508
0.533504089461,0.447695027428,0.396121858757,0.239601279315,0.196622318407,0.12777747101,0.361579584977,0.450189198064
0.519306754423,0.443323323999,0.402960513192,0.254629313417,0.213166736586,0.134394712748,0.353008694955,0.434043326583
0.503931937912,0.438097835601,0.41014413577,0.271213424176,0.231596936898,0.141558213361,0.344036843706,0.416769585706
0.488080531928,0.432321965135,0.417546573391,0.288900872098,0.251340951355,0.148834225986,0.334938308718,0.399008775004
0.472247234767,0.426366868455,0.425254664867,0.307456399195,0.272003528376,0.155849719553,0.325758690377,0.381095470433
0.456767325861,0.420607728769,0.433463599234,0.326799804224,0.293339774342,0.162289069348,0.316399787653,0.363160147586
0.441869861225,0.415397076311,0.442412028199,0.346953207062,0.315224143947,0.16788333182,0.306684744735,0.345211745908
0.427723715177,0.41106275302,0.452349861558,0.368004709442,0.337625187346,0.172398949879,0.296399485955,0.327192480914
0.414475009797,0.407918593147,0.463524412024,0.390083798256,0.360586617767,0.175629029039,0.285318000875,0.309012139032
0.402278357463,0.406279570511,0.476172675101,0.41334080239,0.384210952707,0.177389470995,0.273220953239,0.290571543516
0.3913239194,0.406473522805,0.490508095439,0.437919700539,0.408637546926,0.177523778141,0.259918092565,0.271785204751
0.381857621859,0.408834199407,0.506683554331,0.463904385774,0.433996451332,0.175925069806,0.245290011439,0.252616831414
0.374178114923,0.413636405611,0.524690556709,0.49119363829,0.460293069704,0.172594645585,0.229379804341,0.233153918145
0.368559291907,0.420876685212,0.544105249363,0.519205174123,0.487120489635,0.167777455586,0.212598669222,0.213776763513
0.364985201721,0.42972044822,0.563535275929,0.546247335455,0.513028804553,0.162234004503,0.196146413158,0.19550972524
0.362616150659,0.437594699443,0.579835716463,0.568647455025,0.534624985973,0.157601514202,0.182582928714,0.18049723635
0.359559320427,0.440202422926,0.58843794729,0.581195809625,0.546949624846,0.15623498203,0.175523512648,0.171706831383
0.581326240402,0.457482444208,0.368247282802,0.189747190833,0.143158077377,0.10559332239,0.391020266443,0.505712788167
0.575474680814,0.456053658399,0.371119250843,0.196013075861,0.149978452674,0.108207423454,0.387078096734,0.498697696875
0.564308649267,0.454212646965,0.377617975672,0.20747453894,0.16199905553,0.113203150334,0.379463892274,0.485264674014
0.549333130301,0.451205115137,0.385880647728,0.222599932564,0.178055230463,0.120053441844,0.369773495427,0.467727829353
0.532167291902,0.446713457927,0.394468229566,0.239899095759,0.196855705776,0.128101097752,0.359418223836,0.448259464722
0.514059758647,0.440924556214,0.40276932801,0.258388682022,0.217380237046,0.136731459936,0.349187604662,0.428243981364
0.495830482181,0.434287695559,0.410752105399,0.277560302551,0.238937383307,0.1454327523,0.339340570702,0.408363446725
0.477973623045,0.427306101681,0.418651853074,0.297213149315,0.261094773388,0.153794903822,0.329822955424,0.38886613875
0.460772644082,0.420438490654,0.426784017473,0.317318042371,0.283600492334,0.161489677378,0.320431900109,0.369775469277
0.44438761496,0.41407292777,0.435461123224,0.337934448669,0.306324797272,0.168250364291,0.310909800387,0.351012865923
0.428914343141,0.408532202736,0.444962502839,0.359162400336,0.329219998638,0.173856605917,0.300992736649,0.332463589769
0.414423482694,0.404087930539,0.455523024116,0.381110327449,0.352290166499,0.17812592061,0.290437146519,0.314013151356
0.400987113703,0.400972078756,0.467321909311,0.403864175134,0.375561669755,0.180913546389,0.279041622749,0.295572972941
0.3886971712,0.399377611903,0.48045832797,0.427444092187,0.399043764952,0.182124322213,0.266677540759,0.277108779719
0.377675263007,0.399435879753,0.494898496829,0.451731148203,0.422663261342,0.181744064639,0.253343589273,0.258684677588
0.368065029598,0.40114788961,0.510372523444,0.476339674872,0.446148936786,0.179902261953,0.239263109091,0.24053797125
0.359984904986,0.404235789818,0.526198932632,0.500412960374,0.468839876188,0.176976733786,0.225039509062,0.223196464804
0.353412797666,0.407906234894,0.541062277485,0.522378335792,0.489442133459,0.173722186332,0.211839223474,0.20761319044
0.348031539087,0.410680590684,0.552953208025,0.539908863115,0.505958675202,0.171307989374,0.201417755415,0.195168927691
0.343244153417,0.410757614494,0.559741912963,0.550621294837,0.516304699203,0.171025738681,0.195607929069,0.187236616465
0.606927294663,0.456607693091,0.34763290306,0.164346062937,0.11815868093,0.0946143070452,0.407150138268,0.536253219274
0.599806183678,0.45629087536,0.352437761853,0.171775013239,0.125699930889,0.0976158152149,0.401779913746,0.527178931043
0.585137255672,0.456277517581,0.363092585837,0.186489157965,0.140145475807,0.103749206517,0.390854256698,0.508696460478
0.566012052121,0.454432467619,0.375151147974,0.205167198197,0.15915921765,0.112143019745,0.377862995778,0.485809066866
0.54501396231,0.45010110282,0.38620613295,0.225398523578,0.180733209922,0.121859498468,0.365122980187,0.462014443675
0.523696327346,0.443741215523,0.395793647297,0.246046650518,0.203609411894,0.132134965369,0.353483788753,0.438861840335
0.502872465712,0.436133128761,0.404275041275,0.266724461167,0.227071054584,0.142394784087,0.342979313631,0.416800147917
0.48292906321,0.428000794827,0.412196959893,0.287382759423,0.250719187832,0.152208763901,0.333319532686,0.395811867039
0.464026158759,0.41991655666,0.420064988722,0.308106751023,0.274337684346,0.161248115776,0.324125984348,0.375718096687
0.446210987981,0.412309375476,0.428291871295,0.32902693847,0.297818420555,0.169255120077,0.315026163448,0.356305708482
0.429479971898,0.405495190727,0.437198254897,0.350277991855,0.321116800822,0.176024481059,0.305687713453,0.337377877604
0.413811270389,0.399702812631,0.447020020034,0.371972859208,0.344219482797,0.181394346327,0.295832032435,0.318775778477
0.39918080219,0.395087887153,0.457906015436,0.394175708514,0.367112867117,0.185246635196,0.285246438146,0.300393189465
0.385568450028,0.391731581065,0.469898545024,0.416862778111,0.389743115863,0.187518588449,0.273806396297,0.282195480802
0.372957664969,0.38961989869,0.482889926572,0.439860997266,0.411958590456,0.188229823961,0.261517764683,0.264251214237
0.361331970577,0.388600251634,0.496549395365,0.462755554693,0.43342767408,0.18753065426,0.24858921852,0.246783337086
0.35068206507,0.38832442802,0.510224443722,0.484767790612,0.453538157754,0.185774552283,0.235541695233,0.230243124365
0.341066817568,0.388228819732,0.522854362085,0.504639804212,0.471326009519,0.183601914889,0.223343182322,0.215395459001
0.332778728891,0.387658506241,0.533008860634,0.52065148158,0.485561184787,0.181974242599,0.213482977567,0.203350143298
0.32641317209,0.386137085043,0.539265260183,0.53106312427,0.495158856638,0.181991216524,0.207668877022,0.19530732324
0.637869550249,0.449168957765,0.317704889102,0.133915381187,0.090701018762,0.0833383080258,0.428417008112,0.574947119814
0.627997622123,0.45215803658,0.327745149241,0.144285483386,0.0998863972238,0.0868237490285,0.419628531321,0.560974644848
0.607233770147,0.456947001699,0.347260529257,0.16504588374,0.118336816776,0.094399184022,0.40231678975,0.533020069389
0.582265400666,0.457562508103,0.365298061503,0.188767676135,0.141222666093,0.104584124443,0.384443063631,0.502431682659
0.556657167238,0.453593585778,0.379234981809,0.212345969123,0.165886057962,0.116117742694,0.368973546559,0.473641969414
0.531879766009,0.446512765658,0.389883551986,0.235086151281,0.191134347644,0.128123267826,0.356125032153,0.447422482208
0.508471496582,0.437743941468,0.398509810928,0.257044872915,0.216404030008,0.139997005173,0.345326800044,0.423485091971
0.486564834381,0.428314655126,0.406129297133,0.278453064739,0.241409748828,0.151308381745,0.335902391819,0.401346478364
0.46612239596,0.418917835463,0.413467228416,0.299554482996,0.266004506766,0.161737056059,0.327248828062,0.380558049029
0.44704443884,0.41001458839,0.421032790316,0.3205658916,0.290117264237,0.171036521281,0.318866793927,0.360753658919
0.429214800425,0.401907969843,0.42918343227,0.341666994591,0.313718740087,0.179013958204,0.310352743464,0.341649973989
0.412516379799,0.39478593742,0.438162217464,0.36299304693,0.336796094629,0.185520486266,0.301386217615,0.32303814745
0.396830638385,0.38874071751,0.448111576335,0.384621794045,0.359327619673,0.190449361938,0.29172287324,0.304778006925
0.382027274419,0.383769557938,0.459067806615,0.406551360749,0.381252253559,0.193741634617,0.281196949381,0.286798124581
0.367947241437,0.379760016967,0.470939320662,0.428667271366,0.402430826359,0.195399698486,0.269734961467,0.269102970663
0.354386553813,0.376466536611,0.483472127249,0.450697931999,0.422599498752,0.195510002871,0.257383467487,0.251788519082
0.341113031738,0.373502174915,0.496206179046,0.472153530205,0.441321664868,0.194281634375,0.244366381366,0.235075710717
0.328038248946,0.370417964397,0.508405340068,0.492201481874,0.457943923798,0.192137079775,0.231252263884,0.219418050227
0.315888283316,0.367042469126,0.518854047603,0.509293178739,0.47154493023,0.18997100639,0.219503512984,0.205886632811
0.307304209455,0.364088992634,0.525591385584,0.520676758198,0.481032627445,0.189486354127,0.212312986979,0.1967711167
0.675800938262,0.426379852142,0.269126583726,0.0960662144583,0.0611179555972,0.0731697045413,0.45833904409,0.627236056902
0.658436639442,0.441765481265,0.297147245474,0.115469713964,0.0748367083824,0.0772150107185,0.439204280423,0.598031199987
0.627516889248,0.457738400988,0.334460709118,0.146810663545,0.0994170905175,0.0863038567932,0.410123077102,0.552912530989
0.59555797075,0.461589217403,0.35931918688,0.176084505308,0.126346979018,0.0982282046351,0.386750767552,0.513649705156
0.565292195865,0.457460288516,0.375064533011,0.202384518874,0.153719145953,0.111488443319,0.369349003548,0.480757872046
0.537364780214,0.449157622291,0.38572961195,0.226502377215,0.180906289916,0.125139670272,0.356212441621,0.452524383385
0.511771418232,0.438923926242,0.393766786008,0.249156232842,0.207614525463,0.138567741767,0.345885743172,0.427569463133
0.488287315825,0.428039668748,0.400595148304,0.270862929344,0.233684537298,0.151345447698,0.337291568187,0.404926496538
0.46664362299,0.417260380187,0.407070837769,0.291994360086,0.25902790262,0.163157243673,0.329637811949,0.383920929457
0.44659086196,0.407045947492,0.413741356211,0.312828272991,0.283600056425,0.173761226065,0.32233312577,0.364076075637
0.427911536353,0.397674166407,0.420972021613,0.333576620113,0.307383016259,0.182968959705,0.314926921777,0.345052244882
0.410411174759,0.389295174812,0.429006150974,0.35439726335,0.330369460468,0.190634513341,0.307068903959,0.326608161589
0.393898840572,0.381953799432,0.437990961089,0.37539573474,0.352545650146,0.196649016724,0.298482325974,0.308575527178
0.378159205151,0.375591888035,0.447985667409,0.396622466377,0.373872551895,0.200938258928,0.288944897796,0.290839772749
0.362914432056,0.370036783325,0.458962594226,0.418071375437,0.394266084703,0.203459830847,0.278269418245,0.273320577193
0.347773527876,0.364982319417,0.470813058281,0.43968875891,0.413580400209,0.204194271863,0.266272878805,0.255944179719
0.332173817718,0.35997514462,0.483373441772,0.461402631562,0.431600534554,0.203127363779,0.252724634639,0.238598944057
0.315375175351,0.35443806264,0.496467879105,0.483142176451,0.448029328949,0.200261275742,0.237319609569,0.221097344006
0.297079728539,0.347907650336,0.509672604548,0.50437870631,0.462255663817,0.195978522187,0.220247538688,0.203551100573
0.28306878728,0.34237013474,0.519257758049,0.519759486074,0.472289000031,0.193387684077,0.207813189532,0.190566896357
0.720844774429,0.367326527543,0.180580045081,0.0452776060282,0.0307664131796,0.066118423803,0.501526652658,0.709047043052
0.679048415935,0.439656482515,0.285415992062,0.100236624677,0.0596349169303,0.0712092921618,0.44409169074,0.614859742033
0.639437427704,0.465206148978,0.336410095231,0.139455919346,0.0881012598048,0.0808753593739,0.405376422685,0.556118901351
0.602337942821,0.468215644564,0.361167796902,0.17040621708,0.116865521442,0.0939875195171,0.38107133093,0.514261854236
0.568819261428,0.461817292932,0.374879023463,0.196993970662,0.145517043101,0.108591947881,0.364710005286,0.481051423545
0.538857941,0.4513915809,0.383626710286,0.221037818593,0.173715942684,0.12362131087,0.353088537803,0.453043369526
0.511955376266,0.439342591798,0.390075767972,0.243485519698,0.20124543337,0.138430007783,0.34437512536,0.428451566221
0.487565043902,0.426886825718,0.395558243444,0.264896641022,0.227957495858,0.15257227574,0.337374731277,0.406195684255
0.465229946314,0.414708607413,0.400833245765,0.285643057714,0.253754118882,0.165717084718,0.331257883862,0.385570341679
0.444595421391,0.403215798162,0.406383308777,0.305997066052,0.278578379295,0.177610924226,0.325426808113,0.366095931901
0.425384362986,0.392647620057,0.412536996428,0.326169047648,0.302403198903,0.188056908956,0.319434224728,0.347438981233
0.407364944158,0.383122241115,0.419521790355,0.346322671976,0.325217955564,0.19690113706,0.312930384984,0.329364924912
0.390316297004,0.374655717431,0.427487942145,0.366582301043,0.347015248418,0.204023009506,0.305626080409,0.311705387493
0.373988871399,0.367164099263,0.436521564089,0.38704175595,0.367779523832,0.209326397295,0.297260996507,0.294328624718
0.358052933001,0.360453544432,0.446658934411,0.407782968666,0.387479248625,0.212726254064,0.287564243797,0.277103659219
0.342024096094,0.354200835728,0.457917155512,0.428917889013,0.406065888014,0.214120900597,0.276185745794,0.259845256147
0.325138938324,0.34792199711,0.47037203234,0.450682385643,0.423486044887,0.213335583035,0.262557767496,0.242211533157
0.306093805616,0.34089615018,0.484369306904,0.473659883088,0.4397087501,0.210028287336,0.24559102749,0.223468774777
0.282283063424,0.331773875352,0.501192736247,0.499408233192,0.454581931187,0.203596954422,0.222794118021,0.201758283771
0.246002933528,0.313451091584,0.525348709772,0.531757742875,0.461899901671,0.194733037711,0.185166680809,0.170454683033
0.701096186843,0.484187831508,0.335529141446,0.101267348306,0.0471604748753,0.0610661586664,0.418865392375,0.594271422698
0.677168233697,0.483913781678,0.34386047678,0.121846101302,0.0620478626107,0.0675894302541,0.399826302567,0.568020326816
0.638228048075,0.484372968386,0.360425073873,0.147564808227,0.0862809518442,0.0783631017756,0.381061347669,0.534124912258
0.599826474826,0.477187394419,0.371075574728,0.172739894731,0.113608243017,0.092318627474,0.365926650419,0.502226828031
0.56559374631,0.465840420012,0.378002272225,0.196410432934,0.141751830173,0.10780952828,0.354774293641,0.473911480322
0.535406605156,0.45254461429,0.382990584265,0.218759825267,0.169885104039,0.123866927853,0.346781138407,0.448765703869
0.508468045684,0.438518717905,0.387037696143,0.240074280846,0.197555833915,0.139828959051,0.340913827956,0.426047975345
0.484060442763,0.424506807993,0.390756731749,0.260602072381,0.224461924271,0.155201026141,0.336290535257,0.405113152901
0.461658860023,0.410996709004,0.394578711089,0.280559465393,0.250406817693,0.169608398333,0.332241391162,0.385473733282
0.44089339157,0.398310296722,0.398833028536,0.3001406865,0.275274257365,0.182766401567,0.328267329249,0.366774429069
0.421494779444,0.38664632569,0.403777731917,0.31951772577,0.299002539383,0.194456206678,0.323985630365,0.348760059457
0.403249687858,0.376102823381,0.409611494229,0.338836667097,0.321561833923,0.204506082137,0.319086298868,0.331250339495
0.385962544484,0.366687760666,0.416480348527,0.358217538056,0.342937554156,0.212777343357,0.31329916533,0.314117287411
0.369415644888,0.35832065084,0.424484991349,0.3777624584,0.363120315357,0.219152882269,0.306364687026,0.297258640534
0.353321003097,0.350825977698,0.433692593551,0.397574950608,0.382101167685,0.22352486999,0.29799926947,0.280562594905
0.337260646092,0.343919632895,0.444158465798,0.417791796415,0.399868336131,0.225777341013,0.287843972223,0.263861290772
0.320617762371,0.337189544679,0.455964377515,0.438622537246,0.416394435317,0.225767154397,0.275389579712,0.246874156108
0.302545957414,0.330070487778,0.469258431897,0.460339316212,0.431567644945,0.223369573823,0.259939806079,0.229178450618
0.282479177889,0.321887955535,0.483974757855,0.482704394147,0.444805932723,0.219025812331,0.24128659277,0.21062096403
0.264382603856,0.313065346658,0.496693100726,0.500740909851,0.453524951732,0.216342062721,0.225345019963,0.195017441673
0.729032170073,0.606805146343,0.493373305483,0.172015240274,0.0498636176959,0.0502339945276,0.273564949403,0.445098691247
0.667029508191,0.531777812665,0.410123820755,0.153463810114,0.0685818346867,0.0653051984431,0.338087612277,0.503832169527
0.623815031971,0.502315618373,0.387624464215,0.162754162784,0.090456093675,0.0785947605302,0.347509692883,0.500219401448
0.586977144062,0.483769502045,0.382035671547,0.179846036819,0.11524115404,0.0931565359057,0.344918485509,0.482059693526
0.555007632489,0.467539525471,0.381432323176,0.199170478899,0.141808514385,0.109140297159,0.341089075499,0.461211701995
0.526748007456,0.451660958266,0.382391902221,0.218949826518,0.169149158182,0.125944826481,0.33814600726,0.440619386535
0.501214833315,0.435921359641,0.38390747255,0.238554454128,0.196471965352,0.14288177611,0.336066270192,0.420878067891
0.47774197612,0.420557312986,0.385764362734,0.257786435658,0.223228113633,0.159375140627,0.33444374383,0.401990280523
0.455910047862,0.405871606629,0.388036947174,0.276643609546,0.249074967642,0.174987621318,0.332890268191,0.383821344251
0.435449466206,0.392118648753,0.390898769102,0.295213389059,0.273814137705,0.189393025688,0.33108734182,0.366221153241
0.416175753152,0.379475029528,0.394540905017,0.313613267915,0.297335558954,0.202343260775,0.328768762127,0.349063132652
0.397952216919,0.368036905973,0.399135383093,0.331955963414,0.319577273178,0.213642509441,0.325698882851,0.332259257723
0.380663468882,0.357824545877,0.404820789829,0.350333408857,0.340500764848,0.22312898175,0.32165533101,0.315760610628
0.364186701388,0.348785875027,0.411699143458,0.368816758945,0.360079010158,0.23066359297,0.316414303185,0.299543175627
0.348357050466,0.340795098453,0.419835423861,0.387465552096,0.378291850117,0.236126949932,0.309738601411,0.283582377524
0.33293840107,0.33364779216,0.429249849058,0.406329765357,0.395117820134,0.23942971041,0.30137708561,0.267830081325
0.317639763289,0.327063630002,0.439881310945,0.425404817925,0.410500167437,0.240556926711,0.291112631472,0.252229010039
0.302299957887,0.32073223265,0.451445346643,0.444423234238,0.424241229199,0.239726990262,0.279004316182,0.236864921327
0.287611940503,0.314553968716,0.462942898345,0.462175302051,0.435780899599,0.237861814486,0.266292515328,0.222544899084
0.276989118719,0.309737353951,0.47158091753,0.475237555854,0.444332526118,0.237245747612,0.257657441414,0.212092869388
0.649798793263,0.549836169243,0.437182235166,0.168934364183,0.0714288158053,0.0642471678903,0.301687415197,0.468599338511
0.626726169754,0.529475369399,0.417462354409,0.168839101448,0.0803351033343,0.0703610386784,0.309589064139,0.472143890238
0.593597707545,0.503480923126,0.396460215552,0.174691065215,0.0975707220465,0.0817489095252,0.318240125006,0.470226947952
0.564021349458,0.48308433973,0.386200713288,0.187122376556,0.11942841958,0.0958915816762,0.322728165224,0.460019382508
0.537727240398,0.465192454434,0.38194996978,0.203076886912,0.144362922291,0.112179469556,0.325881315824,0.44593014463
0.513496578116,0.448022778152,0.380361117667,0.220500491095,0.170843453245,0.12970190118,0.328513141913,0.430211185837
0.490660416035,0.431178620524,0.37993439227,0.238330173808,0.19768641797,0.147587245449,0.330711698635,0.413882227062
0.468932528081,0.41479599406,0.380145932021,0.256102207393,0.224132596265,0.165170368621,0.332440930558,0.397410507989
0.448192081688,0.399141322238,0.380919436724,0.273676686382,0.249734906564,0.1819697837,0.333635603102,0.380989538476
0.42837720142,0.384464512103,0.38236426701,0.291073543769,0.274238251468,0.197630585701,0.334203553901,0.364678208037
0.409449882181,0.370951848393,0.384648132949,0.308373370626,0.297493907652,0.211880224716,0.334025365754,0.34848684949
0.391393193602,0.358717012876,0.387935588261,0.325656302752,0.319404760111,0.224498403959,0.332959051823,0.332434254931
0.374213859644,0.347808354467,0.392362851103,0.342971004968,0.339894160797,0.235295508953,0.330844576877,0.316576881602
0.357932299576,0.338219874145,0.398030621587,0.360329028019,0.358893851047,0.244100405478,0.327506752173,0.301008101205
0.342557072996,0.329895781987,0.404994741643,0.377710254539,0.376344580424,0.250766140927,0.322765514886,0.285836106921
0.328063797889,0.322727287453,0.41323401425,0.395051966709,0.39219623043,0.255205264956,0.316475455477,0.271165935206
0.314427531396,0.316557703629,0.422575709739,0.412180961548,0.406386700981,0.257468400091,0.308634225827,0.257128481876
0.301789505639,0.311236506548,0.432552023999,0.428634467593,0.418783603152,0.257885667801,0.299630973781,0.244016558252
0.290834201922,0.306801614412,0.442179853962,0.443354061249,0.429128743024,0.257242742191,0.290681127469,0.232569523946
0.28316030086,0.303856100536,0.449913553131,0.454557733319,0.437135639266,0.256576618126,0.283884398082,0.224207401369
0.584293229428,0.515709448752,0.407130458931,0.173445392437,0.0855426517233,0.0730206165152,0.287262440522,0.451794977115
0.569284004514,0.506691555793,0.398898130261,0.173922841873,0.0893988528826,0.0754691633502,0.283149606407,0.447276185095
0.551143663013,0.491887901809,0.38885314802,0.180142490543,0.102705442931,0.0845862517455,0.28933392424,0.444114544349
0.53380302372,0.475730631771,0.382273592757,0.191856680216,0.123402077874,0.0989722028627,0.300385479682,0.43899535179
0.515934247375,0.458887244633,0.378537206245,0.206560794314,0.148058898542,0.116294426675,0.310875721056,0.430460680017
0.497144522131,0.441603526286,0.376271925862,0.222518374594,0.174313387131,0.134926806487,0.319309581701,0.419161140199
0.47778143095,0.424225211349,0.37471438219,0.238849876766,0.200863483406,0.153909442943,0.32586939831,0.40612181493
0.458268102218,0.407138108797,0.37361019434,0.255171378553,0.226992087609,0.172626191171,0.330985065355,0.392083917354
0.43891933985,0.390705049171,0.372992013265,0.271376544793,0.252290294247,0.190633688124,0.334966947969,0.377470553945
0.419934514513,0.375229142251,0.37302749111,0.28750568927,0.276515658576,0.207586038186,0.33796782994,0.362490292221
0.401440712679,0.360933687011,0.373921072496,0.303648672613,0.299510625776,0.223201670183,0.340017923562,0.347252793838
0.383551511796,0.347960929301,0.375855345396,0.319869637289,0.321149201055,0.23724196282,0.341067358136,0.331868823664
0.366416774227,0.336392349637,0.378971831344,0.336166249183,0.341305119176,0.24948716326,0.341015655694,0.316512166054
0.35023677604,0.326277706586,0.383378102562,0.352470361128,0.359843390211,0.259714926422,0.339725176523,0.301426721329
0.335231113606,0.317648619794,0.389145185399,0.368669992771,0.376634736331,0.267705562121,0.337037903101,0.286888119985
0.321587086572,0.310504427342,0.396259749143,0.384612516086,0.3915813602,0.273297599184,0.332830288938,0.27315774942
0.309443064229,0.304789686735,0.404529327393,0.40005577846,0.404629766888,0.276491297905,0.327131748292,0.260477530987
0.298962608297,0.300408439894,0.413479888916,0.414566291919,0.415752540452,0.277561948386,0.320298241601,0.249136881594
0.290488430864,0.297311819968,0.42231903868,0.427427204516,0.42492150338,0.277099017158,0.313149169321,0.239584445221
0.284583303733,0.295600359491,0.430099355897,0.437743241797,0.432134345361,0.275838620709,0.306803488934,0.232422648321
0.525726356983,0.492386841961,0.38489227897,0.172936602848,0.0886746923781,0.0743571569192,0.254598814448,0.426874487481
0.508097138338,0.48724761439,0.378510220924,0.168220604497,0.084935887112,0.071144471233,0.236652486965,0.417530400859
0.504835099521,0.478619924166,0.375407266317,0.178436677011,0.10065293079,0.0826530605835,0.253539687591,0.418913680588
0.502005934619,0.465699993656,0.374044517301,0.19392070088,0.125842886556,0.1013716499,0.278775718703,0.420200022418
0.493095414011,0.449997156743,0.372466855994,0.209420521261,0.152574824413,0.121381050347,0.298071850442,0.416461688115
0.479762591849,0.432891465187,0.370483415226,0.224702661595,0.179379872229,0.141661533798,0.312090307913,0.40878400189
0.463851447777,0.415241171668,0.368274167807,0.239782651352,0.205825803761,0.161889040227,0.32258126376,0.398553115716
0.446568842173,0.397638412721,0.366057781498,0.254667166426,0.231636493833,0.181778268491,0.330760194293,0.38671389533
0.428645667572,0.380551843849,0.364102347007,0.269431314565,0.256598525685,0.201024654045,0.337345162284,0.373804789159
0.410502279579,0.364360246475,0.362717596983,0.284226803116,0.280550051548,0.219323575564,0.342705923159,0.36008146936
0.392383514837,0.349337245125,0.362196129617,0.299214568962,0.303355997117,0.236396405321,0.346987866593,0.345669447724
0.374495818501,0.335647067239,0.362753880663,0.314468633002,0.324870660453,0.251998602224,0.350208821797,0.330724256736
0.357127938999,0.323387934475,0.364529837259,0.329923075901,0.34490709886,0.26588978045,0.352314938466,0.315540783932
0.340699347346,0.31266432109,0.367644896045,0.345400872337,0.363230032593,0.277776998476,0.353184598482,0.300558888803
0.325704463032,0.303624520492,0.372239175503,0.360687145434,0.379588232198,0.287294689047,0.352620288871,0.286275876529
0.312583620447,0.296418791793,0.378400544995,0.375567037923,0.393786818285,0.29408838935,0.350403923502,0.273133734163
0.301607382401,0.291107944097,0.386000832551,0.389787289677,0.405758557287,0.297987574056,0.346442012787,0.261454327955
0.292861745151,0.287606483224,0.394576065807,0.40298585108,0.415573994099,0.299158111053,0.340929283429,0.251452988108
0.286335118395,0.285712008812,0.403375602166,0.414678730793,0.423384867947,0.29812314039,0.334411788244,0.243295247237
0.282039488289,0.285229595162,0.411636118688,0.424377298724,0.429432051155,0.295644262975,0.327720809038,0.237158674048
0.482674960966,0.477884281505,0.370927781932,0.170973433283,0.0883706335835,0.0734721203094,0.225314745363,0.406249755459
0.45382960586,0.480704911499,0.378493349093,0.134545714931,0.0606476705327,0.0505528115748,0.155855194602,0.386594784358
0.468670476834,0.46867985073,0.365262294472,0.175502717461,0.0979255039003,0.0804193041798,0.224619685119,0.399623660809
0.475944296652,0.455108330797,0.366105034449,0.196554144603,0.130550477352,0.105908823654,0.265175045138,0.406022644479
0.472851147402,0.439441600173,0.365704030725,0.212761317552,0.159365827515,0.128635415418,0.290763269472,0.405277682241
0.463362846369,0.422337469724,0.363759271328,0.227252861986,0.18643028748,0.150335987211,0.308489493532,0.400034191002
0.450104195631,0.404476483721,0.360869636216,0.240983704546,0.212542857736,0.171644466644,0.321739367801,0.391916561458
0.434661612932,0.386433549789,0.35751520048,0.254306827376,0.237892929904,0.192639532105,0.332290655724,0.381912947596
0.417978992504,0.36873896639,0.354154845618,0.267488530029,0.262456958611,0.213137135495,0.341103683535,0.370541135582
0.400563302433,0.351866680493,0.351281486725,0.280860166461,0.286165594749,0.232848525963,0.34865167599,0.357960299366
0.382651345567,0.336154351924,0.349324464994,0.294737317824,0.308921130943,0.251483413613,0.355110678314,0.344167568323
0.364435903573,0.321755246408,0.348523578096,0.309237006219,0.330563809974,0.268811778914,0.360518091976,0.329272358879
0.346307971541,0.308720831767,0.34895212674,0.324185829132,0.350839605585,0.284622408338,0.364864943569,0.313699996185
0.328967637382,0.297182651695,0.35071685661,0.339225743626,0.36937362795,0.298560284048,0.368044896676,0.298177148508
0.313321504684,0.287464771606,0.35412399116,0.354013028152,0.385698110248,0.310003121254,0.369743879659,0.283532741958
0.300206063207,0.27998683837,0.359550545818,0.368307575981,0.39940184034,0.318195415523,0.369486482161,0.270464828876
0.290087900847,0.275014103958,0.367038374399,0.381871790451,0.410337974931,0.322627676978,0.366908451476,0.259399554024
0.282952490046,0.272477969463,0.376023449363,0.394342124747,0.41869119409,0.323345901558,0.362031007863,0.250482402583
0.27840540355,0.27197140437,0.385510475874,0.405288753774,0.424813085759,0.320953072553,0.355283498482,0.243612336861
0.275639197313,0.272659155563,0.394270878922,0.41437734014,0.428767614314,0.316317968536,0.347079381847,0.238272580312
0.467721411746,0.465035522529,0.365468393688,0.183387910299,0.106155143795,0.0871868114284,0.236146962372,0.400705372704
0.45393235354,0.464061843975,0.361385125746,0.176583337761,0.0984525301455,0.0811084074634,0.216391711201,0.392384231522
0.456010780986,0.455808604455,0.360273966307,0.187801918192,0.116081941488,0.095230079175,0.237064713079,0.394728991155
0.459674789922,0.442628388477,0.360381757865,0.203570928462,0.143292614495,0.11732573573,0.267490695511,0.398139387077
0.457184194177,0.427157509258,0.359246729781,0.217568785074,0.169985073184,0.139442243549,0.291359392086,0.397595386653
0.449211189441,0.410179408226,0.35658680498,0.230305740314,0.195715216134,0.161274037426,0.309435738912,0.393444431226
0.4374275684,0.392197190091,0.352738488592,0.242304092846,0.220860908642,0.183160295661,0.323756064678,0.386684438807
0.423220406126,0.373721750475,0.348048650034,0.253791426972,0.245480351468,0.20510627655,0.335769772444,0.378153780196
0.407504637504,0.355370644089,0.343061956071,0.265109503085,0.269549979152,0.226873897504,0.346344325191,0.368227251189
0.390700981096,0.337795630667,0.338537046662,0.276864573247,0.29307640678,0.248095794981,0.355887046242,0.356772201535
0.372821570735,0.321455133662,0.335150295393,0.289696703277,0.315998243817,0.268396459877,0.364461974082,0.343396538436
0.353821997004,0.306419519932,0.333121461447,0.303821071402,0.338125992319,0.287583094964,0.372037062455,0.327987024655
0.33410964437,0.29251626202,0.332243974022,0.318817598949,0.359163847769,0.30564137877,0.378706912588,0.311149215149
0.314769763636,0.279795446468,0.332459873954,0.333958939432,0.378600090506,0.322283586933,0.384484347642,0.294096849246
0.29738972331,0.26886988991,0.334421944962,0.348730272474,0.395591136624,0.336461521614,0.388848640274,0.278193895468
0.283538734922,0.26071866277,0.339276229778,0.363004463888,0.409211885007,0.346560778775,0.390734356001,0.264528307263
0.27405053429,0.256021671763,0.347497388749,0.376648115658,0.419071239214,0.351396597651,0.38924537011,0.253676348106
0.268752435439,0.2547295637,0.358062131257,0.389070036632,0.425586603127,0.350955726928,0.384312586306,0.245757776219
0.266826787154,0.256213585834,0.369229317899,0.399553179303,0.429586026892,0.346203039447,0.3766007408,0.240531492768
0.267269843496,0.259596737483,0.37980089112,0.407891563536,0.431967538708,0.338690893096,0.367268763699,0.237474765375
0.462455899986,0.450399398978,0.364042705392,0.199741086063,0.132375734896,0.108213883984,0.260170014235,0.399582331545
0.45435516392,0.447239721203,0.359976438006,0.198340159295,0.131765246981,0.108248834781,0.253747647255,0.395266318167
0.451411409412,0.439682211964,0.357642931674,0.203634298251,0.142704204249,0.117684773786,0.262626760741,0.394305136065
0.449944919946,0.427886497526,0.355566493096,0.212897982182,0.161525146917,0.133918958152,0.280305991939,0.394551621551
0.44580660202,0.413296428118,0.35270310325,0.223081965756,0.183294407006,0.153074505888,0.298450406962,0.393207227202
0.437683002771,0.396804953163,0.348991658372,0.233457647018,0.206481398786,0.173939050481,0.314389749906,0.389154818165
0.426251884998,0.378814282132,0.344074322114,0.243495907338,0.230253005924,0.196024463529,0.328305905927,0.383019415573
0.412667950513,0.359812407588,0.337776858591,0.252807697139,0.253917911458,0.218840179495,0.340926241079,0.375706461009
0.397716246282,0.340587299553,0.330713495463,0.261730546902,0.277376806825,0.24199081008,0.352831729634,0.367397351606
0.381619790224,0.322169935216,0.324175553336,0.271398582462,0.300859485809,0.264958791911,0.364293837237,0.357413319481
0.363818542318,0.305349256119,0.319436756499,0.283225166968,0.324314668071,0.287045596599,0.375037700763,0.344436823793
0.343530735701,0.289995655975,0.316630452112,0.297659890577,0.347335324271,0.308007400584,0.384682840367,0.327715538912
0.321049760524,0.275253827441,0.314663074979,0.313606705435,0.369740776938,0.328525605698,0.393668421473,0.308269420645
0.298022019906,0.260752867903,0.31278650953,0.329481859946,0.391153185795,0.348933105325,0.402600228767,0.288260658712
0.277129104227,0.247574052593,0.312272756972,0.344542769194,0.410158383733,0.367557000227,0.410703926747,0.269889109283
0.261452101074,0.237988537457,0.316387716464,0.359300214894,0.424472765982,0.380717757463,0.415416292155,0.254811944607
0.25256122778,0.233567823424,0.326996917811,0.374244309463,0.432940005263,0.385697069055,0.414584113865,0.243693845222
0.249716733914,0.234025947237,0.341345973682,0.387872701387,0.43672680808,0.382931495906,0.408509270926,0.23666268334
0.251431973625,0.238319030117,0.355332722649,0.398111980444,0.437595636444,0.374215531999,0.398595811408,0.233608160461
0.255882266403,0.244962740344,0.367451084449,0.405019949056,0.437038488501,0.362069359928,0.386599178866,0.233394096792
0.4570107024,0.435645611555,0.362983576241,0.213295141591,0.156678338874,0.128353527613,0.280179065701,0.39757731725
0.450892630153,0.431158850898,0.35865888582,0.21308144965,0.158426553802,0.130788256333,0.278294532242,0.394839268965
0.446582000287,0.423461023278,0.35465173721,0.215985375317,0.166441537935,0.138587246984,0.283914140467,0.393518094729
0.443151122419,0.4124440254,0.350032836584,0.220933388,0.179323550034,0.150935119806,0.295300196816,0.39331270636
0.438283783846,0.398833570192,0.344943293749,0.227234970597,0.195753374237,0.166755060133,0.30879734868,0.392275444094
0.428760513399,0.383033275698,0.340929049883,0.236013748116,0.217144347227,0.186927395793,0.32178635462,0.387089074964
0.416585290781,0.365019417727,0.335304317417,0.244460614225,0.240015391556,0.209456267167,0.334445856393,0.3806554943
0.403128170072,0.345246977573,0.32706574132,0.251227127123,0.262564048936,0.233180631103,0.347015158047,0.374486204602
0.38887898028,0.324607712777,0.317041205797,0.25672860724,0.285118819819,0.257959934026,0.359819404993,0.368434174059
0.374112830258,0.3048476922,0.30757591406,0.263081273016,0.308936020658,0.283399899617,0.373445552057,0.361173376612
0.357218856904,0.287816594644,0.301643603292,0.273758442187,0.333907049703,0.30773275188,0.387001665262,0.349274149033
0.335137731721,0.273129379172,0.29937021272,0.289937062003,0.357951418916,0.329585453686,0.398290491259,0.329912950315
0.308290649912,0.25805022941,0.297119058154,0.308395808146,0.38189168968,0.351992025422,0.409038615207,0.305753135349
0.279239454711,0.24093189618,0.29204334484,0.32554923719,0.406753900148,0.377661790091,0.422020137723,0.280986993607
0.251778401153,0.223352871205,0.28590201424,0.340272572105,0.430760467766,0.404588917623,0.436692977307,0.258737141856
0.23246170907,0.210766421127,0.287591257058,0.355170116889,0.447740582123,0.423656819511,0.446363947725,0.241528809165
0.224947415221,0.207186365096,0.30484564867,0.374125084571,0.45330310636,0.427314488656,0.4446038004,0.229445880374
0.225523341949,0.210160856701,0.328146863275,0.392363496631,0.452369060504,0.420142187037,0.435201712293,0.222403657912
0.232438704307,0.218498558061,0.345929577981,0.402262474361,0.448463266713,0.404905400589,0.421131137938,0.222410184631
0.242650218514,0.22979036616,0.358512657085,0.405919667558,0.443609091136,0.385599207306,0.404815682749,0.226713142091
0.450638904422,0.421669997658,0.361476129813,0.224218954859,0.177743549929,0.146316018893,0.295583028992,0.39468281712
0.445380910993,0.416293358227,0.356638747324,0.224153344354,0.180300798799,0.149884246864,0.295740895765,0.392819415621
0.440838052219,0.408368410452,0.35130010145,0.225580319271,0.186536796539,0.156876463687,0.30030735111,0.391883526702
0.437429189394,0.397796236844,0.344377935094,0.227366879107,0.195042251056,0.166534454327,0.308921140391,0.392709714749
0.438425204261,0.385461982201,0.333297304455,0.225897702973,0.200912019777,0.175685126307,0.320803005988,0.399001420792
0.421409946442,0.369866034973,0.333584348027,0.238529850826,0.227614622574,0.199617677975,0.329863417889,0.385797240861
0.407992881022,0.351762193886,0.327479291842,0.245754183984,0.249952445048,0.222732433428,0.341060979232,0.378652207432
0.394511163488,0.331099670847,0.316989754431,0.249616982312,0.270855769128,0.247032151606,0.35304271604,0.373791584318
0.380710785324,0.308153191756,0.302593552681,0.250039354592,0.291339838023,0.27339830461,0.365675589686,0.370897823083
0.368395809054,0.285415794079,0.287668286732,0.249771777441,0.316000437623,0.303201541176,0.381668762182,0.369341320681
0.356295583448,0.268160768693,0.280321551848,0.258193419315,0.347614928853,0.333371237551,0.402249766456,0.362216221459
0.330811517262,0.256917507697,0.282290498476,0.280051212169,0.370050799389,0.351642612906,0.412658426503,0.336308961674
0.297745935176,0.243056915377,0.281904999814,0.303596738459,0.393607864286,0.372941881446,0.422835405235,0.304307558315
0.26092587711,0.2228013043,0.272560928823,0.322126412074,0.4229434677,0.40479334643,0.440427140988,0.273612694923
0.221990907294,0.196855582935,0.253602964362,0.333539590532,0.458501302028,0.448109861715,0.468248005086,0.246562832324
0.193905324511,0.17642548467,0.24313233553,0.343298158008,0.486720348002,0.483852772891,0.492199011452,0.227698700414
0.193056443724,0.17810683345,0.280721136372,0.373991385333,0.480654832386,0.476085482581,0.480146207041,0.213489061878
0.196259463613,0.183046025157,0.326115961619,0.407743361603,0.47143180987,0.462886172699,0.463817166999,0.200904882397
0.21134801844,0.197960425137,0.344441438046,0.413467031143,0.460633739336,0.436444855325,0.442721084614,0.207136615722
0.230009338944,0.216106121639,0.353548337625,0.409428877254,0.450051915631,0.40637915058,0.420140120381,0.219234865539
0.443776056536,0.408882639958,0.359830858045,0.233335670566,0.196070632582,0.162234351232,0.307533553643,0.391206268638
0.438870133258,0.402942067071,0.354653294957,0.233267022832,0.199036890617,0.166504197708,0.308749718607,0.38974656903
0.434066441462,0.394919725963,0.348818017063,0.234084282478,0.204581880708,0.173333599571,0.312826686389,0.388778309014
0.429399186824,0.384747572282,0.341975900195,0.235402934673,0.212319439234,0.18261833582,0.319600448576,0.388479526921
0.423333917999,0.372539651236,0.335081167191,0.237986463106,0.223422515028,0.195241092932,0.328076090585,0.387160942275
0.412534630033,0.357781994649,0.329710502031,0.243648369514,0.241006428627,0.213650866337,0.337136792256,0.38150126343
0.400026709307,0.34011440836,0.321976972496,0.248407307768,0.260326497846,0.235242192349,0.347359394443,0.375851200605
0.38697822879,0.319400767871,0.309881611157,0.249867874852,0.278928191611,0.258896858841,0.358468774394,0.372238093309
0.373237549783,0.294865594645,0.291867409638,0.245736106429,0.296076460934,0.285329152316,0.369536122505,0.371782265493
0.358634093391,0.263759471395,0.262994873065,0.228431743734,0.308866875543,0.316407699176,0.376595673419,0.378462422848
0.373630803867,0.241380411074,0.249150755737,0.226637520239,0.391124770075,0.386691006136,0.437354349746,0.399619814777
0.32834120378,0.244746208448,0.270088198328,0.272660682875,0.380807539412,0.36895396868,0.424121600242,0.342098033419
0.291093487769,0.233436780131,0.27304248112,0.301102121922,0.400717962053,0.38574335794,0.431041488198,0.303340414562
0.24977686423,0.211705202694,0.261236938948,0.320287926719,0.432386097863,0.420767492549,0.451115389143,0.269221184199
0.200940806282,0.178337785041,0.229559100836,0.326943024102,0.47949749079,0.479491185513,0.491545489128,0.23950233301
0.133113067022,0.121049747905,0.150102711711,0.298727339598,0.583724321111,0.60598027519,0.597087658555,0.226946141969
0.17218860618,0.158898162521,0.26399523016,0.372104618959,0.50069915674,0.509620660233,0.505172062729,0.204669053353
0.157329744888,0.147580382626,0.353907354091,0.45097810354,0.485906226884,0.512661802894,0.488429641993,0.159482226978
0.197211589,0.184221639025,0.346963652565,0.423362481915,0.467897596942,0.456675801617,0.45579725648,0.195997208898
0.223005640705,0.208029575521,0.350338211401,0.410757894641,0.45310525202,0.418102115097,0.428810570764,0.21560572913
